"C1"||"C"||1||23|||48|||||0|0|0|0|0|0|100|100|100|100|100|100|85|90|95|60|70|80||62.7|||0|||0.1|||2.2|||24.2|||36.2|||23.3||||||||10|14|18||||0|0.25|0.5||||1.15|1.25|1.35|||||1.31|||4|9|14|0.15|0.18|0.21|||||18.1|||8.3|||50||0|1.5|2.9|25|27.5|30|5|7.5|10|0|3|6|".49"|".49"|2|4|5|0|0|0|0|7|13|4|6|8|5|12.5|20|||||||7.9|8.2|8.4|||||||||||||||||||||||||||||||||"26376225"|"78687665"
"2C2"|2|"C"||2||48|||152|||||0|0|0|0|0|0|85|92.5|100|80|87.5|95|40|50|65|5|10|15||95|||0.7|||13|||36.8|||37.4|||7.1|||1.5||||||||2|3.5|5||||0|0.25|0.5||||1.35|1.4|1.45|||||1.47|||42|92|141|0.05|0.06|0.07||12|||8.1|||2.3|||42||0|1.5|2.9|0|7|14|0|0|0|0|0|0|".02"|".02"|2|4|5|0|0|0|0|7|13|4|6|8|2|6|10|||||||7.9|8.2|8.4|||||||||||||||||||||||||||||||||"26376225"|"78687666"
"Ap"||"A"||||0|||23|||||0|0|0|0|0|0|100|100|100|100|100|100|50|65|80|15|20|25||79.4|||0|||1.9|||12.9|||39.4|||25.2|||16.6||||||||3|4|5||||0|0.25|0.5||||1.4|1.45|1.5|||||1.52|||14|28|42|0.09|0.1|0.11||17.2|||11.3|||3|||43||0|1.5|2.9|0|7|14|0|0|0|0|0|0|".32"|".32"|2|4|5|0|0|0|0|7|13|0|2|4|5|7.5|10|||||||7.9|8.2|8.4|||||||||||||||||||||||||||||||||"26376225"|"78687667"
"Ap"||"A"||||0|||30|||||0|0|0|0|0|0|100|100|100|100|100|100|90|95|100|75|85|95||23.3|||3.2|||3.7|||4.3|||6.5|||5.6|||29.2||||||||40|47.5|55||||0.5|0.75|1||||1.15|1.2|1.25||||1.44|1.49|1.55||0.42|1|1.4|0.02|0.04|0.05||||30|42.4|43.9|20.8|24.8|28.9|50|52|53|6|7.5|8.9|50|55|60|25|30|35|21|27|35|".24"|".24"|2|4|5|0|0|0|30|60|90|16|24|32|10|15|20|||||||7.9|8.2|8.4|||||||||||||||||||||||||||||||||"26376244"|"78687689"
"C"||"C"||||30|||152|||||0|0|0|0|0|0|100|100|100|100|100|100|90|95|100|80|85|90||22.1|||3|||3.5|||4.1|||6.2|||5.3|||27.9||||||||45|50|55||||0.5|0.75|1||||1.15|1.2|1.25||||1.44|1.49|1.55||0.42|1|1.4|0.02|0.04|0.05||||41.9|42.9|43.9|23.3|26.1|28.9|50|52|53|6|7.5|8.9|50|55|60|25|30|35|21|27|35|".24"|".24"|5|8|10|0|0|0|30|60|90|16|24|32|10|15|20|||||||7.9|8.2|8.4|||||||||||||||||||||||||||||||||"26376244"|"78687690"
"Ap"||"A"||||0|||25|||||0|0|0|0|0|0|100|100|100|95|97.5|100|65|75|85|40|45|50||68.8|||0.1|||3.2|||15.6|||33|||16.9|||16.2||||||||10|15|20||||0|0.25|0.5||||1.2|1.28|1.35|||||1.34|||4|9|14|0.13|0.14|0.15|||||18.4|||8.8|||48||0|1.5|2.9|20|22.5|25|0|2.5|5|0|0|0|".20"|".20"|2|4|5|0|0|0|0|7|13|0|1|2|5|10|15|||||||7.9|8.2|8.4|||||||||||||||||||||||||||||||||"26376247"|"78687691"
"C"||"C"||||25|||152|||||0|0|0|0|0|0|100|100|100|95|97.5|100|80|90|100|60|72.5|85||63.8|||0|||0.1|||2.3|||24.6|||36.8|||23.7||||||||10|12.5|15||||0|0.25|0.5||||1.2|1.28|1.35|||||1.34|||4|9|14|0.16|0.17|0.18|||||17.2|||7.6|||48||0|1.5|2.9|20|22.5|25|5|7.5|10|0|2|6|".49"|".49"|5|8|10|0|0|0|0|7|13|0|1|2|10|15|20|||||||7.9|8.2|8.4|||||||||||||||||||||||||||||||||"26376247"|"78687692"
"Ap"||"A"||||0|||25|||||0|0|0|0|0|0|100|100|100|95|97.5|100|65|75|85|40|45|50||68.8|||0.1|||3.2|||15.6|||33|||16.9|||16.2||||||||10|15|20||||0|0.25|0.5||||1.25|1.33|1.4|||||1.39|||4|9|14|0.02|0.03|0.04|||||18.7|||9.2|||47||0|1.5|2.9|20|22.5|25|0|2.5|5|0|0|0|".20"|".20"|2|4|5|0|0|0|30|60|90|16|24|32|5|10|15|||||||7.9|8.2|8.4|||||||||||||||||||||||||||||||||"26376249"|"78687693"
"C"||"C"||||25|||152|||||0|0|0|0|0|0|100|100|100|95|97.5|100|80|90|100|60|72.5|85||63.8|||0|||0.1|||2.3|||24.6|||36.8|||23.7||||||||10|12.5|15||||0|0.25|0.5||||1.2|1.28|1.35|||||1.34|||4|9|14|0.03|0.05|0.06|||||17.2|||7.6|||48||0|1.5|2.9|20|22.5|25|5|7.5|10|0|2|6|".49"|".49"|5|8|10|0|0|0|30|60|90|16|24|32|5|10|15|||||||7.9|8.2|8.4|||||||||||||||||||||||||||||||||"26376249"|"78687694"
"Ap"||"A"||||0|||25|||||0|0|0|0|0|0|100|100|100|95|97.5|100|90|95|100|70|75|80||34.7|||3|||4.3|||6|||11|||10.4|||32.8||||||||30|32.5|35||||0|0.25|0.5||||1.2|1.28|1.35|||||1.46|||1.4|3|4|0.19|0.2|0.21|||||31.2|||17.5|||48||3|4.5|5.9|35|37.5|40|10|12.5|15|6|9|12|".24"|".24"|2|4|5|0|0|0|0|7|13|0|1|2|10|15|20|||||||7.9|8.2|8.4|||||||||||||||||||||||||||||||||"26376250"|"78687695"
"C"||"C"||||25|||152|||||0|0|0|0|0|0|100|100|100|95|97.5|100|80|90|100|60|72.5|85||63.8|||0|||0.1|||2.3|||24.6|||36.8|||23.7||||||||10|12.5|15||||0|0.25|0.5||||1.35|1.4|1.45|||||1.46|||4|9|14|0.16|0.17|0.18|||||17.9|||8.3|||44||0|1.5|2.9|20|22.5|25|5|7.5|10|0|2|6|".49"|".49"|2|4|5|0|0|0|0|7|13|0|1|2|10|15|20|||||||7.9|8.2|8.4|||||||||||||||||||||||||||||||||"26376250"|"78687696"
"Ap"||"A"||||0|||30|||||0|0|0|0|0|0|100|100|100|100|100|100|95|97.5|100|70|75|80||7|||0|||0|||0.2|||1.9|||4.9|||69.5||||||||20|23.5|27||||0|0.25|0.5||||1.45|1.5|1.55|||||1.57|||4|9|14|0.16|0.17|0.18|||||29.4|||14.4|||41||0|1.5|2.9|20|25|30|0|5|10|0|2|6|".55"|".55"|2|4|5|0|0|0|0|7|13|2|3|4|8|11.5|15|||||||7.9|8.2|8.4|||||||||||||||||||||||||||||||||"26376253"|"78687697"
"C"||"C"||||30|||152|||||0|0|0|0|0|0|100|100|100|100|100|100|95|97.5|100|75|85|95||6.8|||0|||0|||0.2|||1.9|||4.7|||66.7||||||||18|26.5|35||||0|0.25|0.5||||1.35|1.4|1.45|||||1.6|||1.4|3|4|0.19|0.2|0.21|||||29.9|||15.2|||45||3|4.5|5.9|35|40|45|15|17.5|20|10|15|21|".49"|".49"|25|28|30|0|0|0|0|7|13|2|3|4|6|13.5|21|||||||7.9|8.2|8.4|||||||||||||||||||||||||||||||||"26376253"|"78687698"
"Ap"||"A"||||0|||30|||||0|0|0|0|0|0|100|100|100|100|100|100|95|97.5|100|70|75|80||7|||0|||0|||0.2|||1.9|||4.9|||69.5||||||||20|23.5|27||||0|0.25|0.5||||1.2|1.3|1.4|||||1.36|||4|9|14|0.03|0.05|0.06|||||27.9|||12.5|||48||0|1.5|2.9|25|30|35|5|10|15|1|6|11|".49"|".49"|5|8|10|0|0|0|13|22|30|16|24|32|10|15|20|||||||7.9|8.2|8.4|||||||||||||||||||||||||||||||||"26376255"|"78687699"
"C"||"C"||||30|||152|||||0|0|0|0|0|0|100|100|100|100|100|100|95|97.5|100|70|75|80||7|||0|||0|||0.2|||1.9|||4.9|||69.5||||||||20|23.5|27||||0|0.25|0.5||||1.2|1.3|1.4|||||1.36|||4|9|14|0.03|0.05|0.06|||||27.9|||12.5|||48||0|1.5|2.9|25|30|35|5|10|15|1|6|11|".49"|".49"|5|8|10|0|0|0|13|22|30|16|24|32|10|15|20|||||||7.9|8.2|8.4|||||||||||||||||||||||||||||||||"26376255"|"78687700"
"A"||"A"||||0|||5|||||0|0|0|0|5|10|35|45|55|20|35|50|15|22.5|30|10|15|20||67.9|||4.5|||14.5|||18|||20.2|||10.7|||19.6||||||||10|12.5|15||||0|0.25|0.5||||1.25|1.38|1.5|||||1.51|||14|28|42|0.03|0.06|0.08|||||8.5|||3.7|||22||0|1.5|2.9|15|17.5|20|0|2.5|5|0|0|0|".10"|".28"|4|6|8|0|0|0|0|0|0|2|3|4|6|8|10|||||||7.9|8.2|8.4|||||||||||||||||||||||||||||||||"26376257"|"78687701"
"Bw"||"B"||||5|||30|||||0|0|0|0|5|10|30|45|60|20|35|50|15|30|45|10|22.5|35||60.2|||4.2|||5.8|||14.4|||22.2|||13.6|||18.3||||||||18|21.5|25||||0|0.25|0.5||||1.25|1.4|1.55|||||1.53|||4|9|14|0.04|0.08|0.12|||||10.7|||6.3|||22||0|1.5|2.9|25|27.5|30|5|7.5|10|0|0|0|".10"|".24"|4|9|13|0|0|0|0|0|0|2|5|8|9|12|15|||||||7.9|8.2|8.4|||||||||||||||||||||||||||||||||"26376257"|"78687702"
"Bk"||"B"||||30|||152|||||0|0|0|0|8|15|30|45|60|25|37.5|50|15|32.5|50|5|17.5|30||65.9|||4.3|||14.1|||17.5|||19.6|||10.4|||19.1||||||||10|15|20||||0|0.25|0.5||||1.15|1.3|1.45|||||1.42|||4|23|42|0.03|0.07|0.1|||||9.4|||4.4|||25||0|1.5|2.9|15|20|25|0|5|10|0|0|0|".05"|".24"|13|27|40|1|6|10|0|13|25|8|12|16|9|10.5|12|||||||7.9|8.2|8.4|||||||||||||||||||||||||||||||||"26376257"|"78687703"
"C"||"C"||||0|||152|||||0|0|0|0|13|25|30|47.5|65|15|37.5|60|5|20|35|0|7.5|15||91|||17.9|||30.1|||22.1|||15.4|||5.5|||6.5||||||||0|2.5|5||||0|0.25|0.5||||1.6|1.65|1.7|||||1.83|||141|141|141|0.02|0.03|0.04||5.4|||3.5|||0.9|||16||0|1.5|2.9|0|7|14|0|0|0|0|0|0|".02"|".02"|1|3|5|0|0|0|0|0|0|0|2|4|1|3|5|||||||7.4|7.9|8.4|||||||||||||||||||||||||||||||||"26376258"|"78687704"
"A"||"A"||||0|||5|||||0|0|0|0|5|10|35|45|55|20|35|50|15|22.5|30|10|15|20||67.9|||4.5|||14.5|||18|||20.2|||10.7|||19.6||||||||10|12.5|15||||0|0.25|0.5||||1.25|1.38|1.5|||||1.51|||14|28|42|0.03|0.06|0.08|||||8.5|||3.7|||22||0|1.5|2.9|15|17.5|20|0|2.5|5|0|0|0|".10"|".28"|4|6|8|0|0|0|0|0|0|2|3|4|6|8|10|||||||7.9|8.2|8.4|||||||||||||||||||||||||||||||||"26376260"|"78687705"
"Bw"||"B"||||5|||30|||||0|0|0|0|5|10|35|45|55|20|35|50|15|32.5|50|5|17.5|30||42.1|||4|||5.5|||7.4|||13.1|||12.1|||37.9||||||||15|20|25||||0|0.25|0.5||||1.25|1.4|1.55|||||1.53|||4|9|14|0.04|0.08|0.12|||||13.2|||5.6|||22||0|1.5|2.9|25|27.5|30|5|7.5|10|0|0|0|".17"|".37"|4|9|13|0|0|0|0|0|0|2|5|8|9|12|15|||||||7.9|8.2|8.4|||||||||||||||||||||||||||||||||"26376260"|"78687706"
"Bk"||"B"||||30|||152|||||0|0|0|0|8|15|30|45|60|25|37.5|50|15|32.5|50|5|17.5|30||44.3|||4.3|||5.9|||7.9|||13.7|||12.5|||40.7||||||||10|15|20||||0|0.25|0.5||||1.15|1.3|1.45|||||1.42|||4|23|42|0.03|0.07|0.1|||||12.4|||4.2|||25||0|1.5|2.9|15|20|25|0|5|10|0|0|0|".15"|".43"|13|27|40|1|6|10|0|13|25|8|12|16|9|10.5|12|||||||7.9|8.2|8.4|||||||||||||||||||||||||||||||||"26376260"|"78687707"
"E"||"E"||||0|||3|||||0|0|0|0|3|5|30|45|60|20|35|50|15|30|45|10|22.5|35||30.1|||2.5|||3.5|||5|||9.4|||9.7|||54.9||||||||10|15|20||||0|0.25|0.5||||1.35|1.4|1.45|||||1.53|||4|9|14|0.05|0.08|0.1|||||12.1|||4.3|||22||0|1.5|2.9|20|25|30|5|7.5|10|0|0|0|".10"|".49"|1|8|15|0|0|0|1|7|13|0|1|2|5|10|15|||||||7.9|8.5|9|||||||||||||||||||||||||||||||||"26376261"|"78687708"
"Btk"||"B"||||3|||56|||||0|0|0|0|3|5|30|45|60|20|35|50|15|30|45|10|22.5|35||57|||1.3|||8.4|||15.1|||20.7|||11.5|||18||||||||20|25|30||||0|0.25|0.5||||1.3|1.38|1.45|||||1.51|||4|9|14|0.05|0.08|0.11|||||11.6|||7.4|||23||0|1.5|2.9|25|30|35|5|7.5|10|0|0|0|".05"|".24"|1|8|15|0|0|0|1|7|13|8|12|16|10|15|20|||||||7.9|8.5|9|||||||||||||||||||||||||||||||||"26376261"|"78687709"
"C"||"C"||||56|||152|||||0|0|0|5|8|10|20|25|30|15|20|25|10|15|20|5|7.5|10||84.3|||1.1|||12.2|||26.6|||32.1|||12.3|||9.2||||||||3|6.5|10||||0|0.25|0.5||||1.5|1.6|1.7|||||1.88|||42|92|141|0.02|0.04|0.05||5.4|||3.9|||1.4|||10||0|1.5|2.9|15|20|25|0|2.5|5|0|0|0|".05"|".15"|1|8|15|0|0|0|13|22|30|16|24|32|1|3|5|||||||7.9|8.5|9|||||||||||||||||||||||||||||||||"26376261"|"78687710"
"2C"|2|"C"||||81|||152|||||0|0|0|0|0|0|100|100|100|100|100|100|85|90|95|60|65|70||39.2|||3.5|||5|||6.8|||12.3|||11.6|||37.3||||||||20|23.5|27||||0|0.25|0.5||||1.4|1.45|1.5|||||1.52|||4|9|14|0.15|0.2|0.25|||||29|||14|||43||0|1.5|2.9|25|30|35|0|5|10|0|2|6|".37"|".37"|10|13|15|0|0|0|0|7|13|2|5|8|10|12.5|15|||||||7.4|8.2|9|||||||||||||||||||||||||||||||||"26376262"|"78687711"
"A"||"A"||||0|||18|||||0|0|0|0|0|0|100|100|100|100|100|100|95|97.5|100|85|90|95||16.9|||0.1|||0.4|||1.1|||4.9|||10.4|||48.1||||||||30|35|40||||0.5|0.75|1||||1.35|1.4|1.45|||||1.74|||0.42|1|1.4|0.17|0.21|0.25|||||33.2|||20.5|||44||6|7.5|8.9|40|52.5|65|20|27.5|35|17|27|39|".37"|".37"|10|13|15|0|0|0|0|7|13|2|5|8|30|35|40|||||||7.4|8.2|9|||||||||||||||||||||||||||||||||"26376262"|"78687712"
"C"||"C"||||18|||81|||||0|0|0|0|0|0|100|100|100|100|100|100|95|97.5|100|85|90|95||22.1|||3|||3.5|||4.1|||6.2|||5.3|||27.9||||||||40|50|60||||0|0.25|0.5||||1.35|1.4|1.45|||||1.74|||0.42|1|1.4|0.17|0.21|0.25|||||38.9|||27.3|||45||6|7.5|8.9|40|52.5|65|20|27.5|35|17|27|39|".24"|".24"|10|13|15|0|0|0|0|7|13|2|5|8|30|35|40|||||||7.4|8.2|9|||||||||||||||||||||||||||||||||"26376262"|"78687713"
"Ap"||"A"||||0|||18|||||0|0|0|0|0|0|100|100|100|100|100|100|95|97.5|100|85|90|95||16.9|||0.1|||0.4|||1.1|||4.9|||10.4|||48.1||||||||30|35|40||||0.5|0.75|1||||1.35|1.4|1.45||||1.55|1.6|1.66||1.4|3|4|0.02|0.04|0.05||||31.4|33.2|34.9|17.4|20.5|23.6|42|44|46|3|4.5|5.9|35|40|45|10|15|20|8|14|21|".37"|".37"|0|0|0|0|0|0|13|22|30|16|24|32|30|35|40|||||||7.9|8.5|9|||||||||||||||||||||||||||||||||"26376265"|"78687714"
"C"||"C"||||18|||81|||||0|0|0|0|0|0|100|100|100|100|100|100|95|97.5|100|85|90|95||22.1|||3|||3.5|||4.1|||6.2|||5.3|||27.9||||||||40|50|60||||0|0.25|0.5||||1.35|1.4|1.45||||1.69|1.74|1.81||0.42|1|1.4|0.01|0.03|0.04||||30.4|38.9|40.6|21.6|27.3|32.9|43|45|46|6|7.5|8.9|40|52.5|65|20|27.5|35|17|27|39|".24"|".24"|0|0|0|0|0|0|13|22|30|16|24|32|30|35|40|||||||7.9|8.5|9|||||||||||||||||||||||||||||||||"26376265"|"78687715"
"2C"|2|"C"||||81|||152|||||0|0|0|0|0|0|100|100|100|100|100|100|85|90|95|60|65|70||39.2|||3.5|||5|||6.8|||12.3|||11.6|||37.3||||||||20|23.5|27||||0|0.25|0.5||||1.4|1.45|1.5||||1.47|1.52|1.58||4|9|14|0.01|0.03|0.05||||27.2|29|30.6|11.6|14|16.3|41|43|45|0|1.5|2.9|20|25|30|0|5|10|0|1|5|".37"|".37"|0|0|0|0|0|0|13|22|30|16|24|32|10|12.5|15|||||||7.9|8.5|9|||||||||||||||||||||||||||||||||"26376265"|"78687716"
"C"||"C"||||23|||71|||||0|0|0|0|0|0|100|100|100|100|100|100|85|90|95|60|70|80||62.7|||0|||0.1|||2.2|||24.2|||36.2|||23.3||||||||10|14|18||||0|0.25|0.5||||1.15|1.25|1.35|||||1.31|||4|9|14|0.03|0.05|0.06|||||18.1|||8.3|||50||0|1.5|2.9|25|27.5|30|5|7.5|10|0|3|6|".49"|".49"|2|4|5|0|0|0|30|60|90|16|24|32|5|12.5|20|||||||7.9|8.2|8.4|||||||||||||||||||||||||||||||||"26376267"|"78687717"
"2C"|2|"C"||||71|||152|||||0|0|0|0|8|15|40|67.5|95|30|60|90|15|37.5|60|5|10|15||95|||0.7|||13|||36.8|||37.4|||7.1|||1.5||||||||2|3.5|5||||0|0.25|0.5||||1.35|1.4|1.45|||||1.49|||42|92|141|0.01|0.02|0.02||9|||6.1|||1.8|||31||0|1.5|2.9|0|7|14|0|0|0|0|0|0|".02"|".02"|2|4|5|0|0|0|30|60|90|16|24|32|2|6|10|||||||7.9|8.2|8.4|||||||||||||||||||||||||||||||||"26376267"|"78687718"
"Ap"||"A"||||0|||23|||||0|0|0|0|0|0|100|100|100|100|100|100|70|77.5|85|40|47.5|55||67.2|||4.1|||14.7|||18.6|||19.9|||9.9|||15.3||||||||15|17.5|20||||0.5|0.65|0.8||||1.25|1.3|1.35|||||1.36|||4|9|14|0.01|0.02|0.03|||||19.9|||10.3|||48||0|1.5|2.9|20|25|30|0|5|10|0|0|3|".15"|".15"|2|4|5|0|0|0|30|60|90|16|24|32|5|10|15|||||||7.9|8.2|8.4|||||||||||||||||||||||||||||||||"26376267"|"78687719"
"Ap"||"A"||||0|||20|||||0|0|0|0|0|0|95|97.5|100|80|85|90|45|55|65|15|22.5|30||80.5|||3.8|||12.9|||21|||27.4|||15.4|||17||||||||0|2.5|5||||0|0.25|0.5||||1.45|1.53|1.6|||||1.61|||42|92|141|0.08|0.1|0.11||14.2|||8.8|||1.9|||36||0|1.5|2.9|0|7|14|0|0|0|0|0|0|".15"|".15"|0|3|5|0|0|0|0|7|13|0|2|4|1|3|5|||||||7.9|8.2|8.4|||||||||||||||||||||||||||||||||"26376268"|"78687720"
"C"||"C"||||20|||152|||||0|0|0|0|0|0|75|82.5|90|75|80|85|40|45|50|5|12.5|20||96.8|||0|||1.3|||18.2|||63.1|||14.2|||0.7||||||||0|2.5|5||||0|0.25|0.5||||1.45|1.53|1.6|||||1.61|||42|92|141|0.05|0.06|0.07||10.8|||7.1|||1.9|||35||0|1.5|2.9|0|7|14|0|0|0|0|0|0|".02"|".02"|0|3|5|0|0|0|0|7|13|0|2|4|1|3|5|||||||7.9|8.2|8.4|||||||||||||||||||||||||||||||||"26376268"|"78687721"
"Ap"||"A"||||0|||20|||||0|0|0|0|0|0|100|100|100|100|100|100|50|62.5|75|15|17.5|20||79.2|||3.4|||12.6|||20.7|||27.2|||15.3|||16.8||||||||3|4|5||||0|0.25|0.5||||1.5|1.55|1.6|||||1.62|||42|92|141|0.03|0.04|0.05||17.5|||11.7|||3.2|||39||0|1.5|2.9|0|7.5|15|0|0|0|0|0|0|".15"|".15"|0|3|5|0|0|0|13|22|30|16|24|32|1|3|5|||||||8.5|8.8|9|||||||||||||||||||||||||||||||||"26376270"|"78687722"
"C"||"C"||||20|||152|||||0|0|0|0|0|0|75|82.5|90|75|80|85|40|45|50|5|12.5|20||96.8|||0|||1.3|||18.2|||63.1|||14.2|||0.7||||||||0|2.5|5||||0|0.25|0.5||||1.5|1.55|1.6|||||1.63|||42|92|141|0.03|0.05|0.06||10.9|||7.2|||1.9|||34||0|1.5|2.9|0|7.5|15|0|0|0|0|0|0|".02"|".02"|0|3|5|0|0|0|13|22|30|16|24|32|1|3|5|||||||8.5|8.8|9|||||||||||||||||||||||||||||||||"26376270"|"78687723"
"A"||"A"||||0|||15|||||0|0|0|0|0|0|95|97.5|100|80|85|90|40|52.5|65|15|22.5|30||80.5|||3.8|||12.9|||21|||27.4|||15.4|||17||||||||0|2.5|5||||0|0.25|0.5||||1.5|1.55|1.6|||||1.63|||42|92|141|0.03|0.05|0.06||14.2|||8.8|||1.9|||36||0|1.5|2.9|0|7.5|15|0|0|0|0|0|0|".15"|".15"|0|3|5|0|0|0|13|22|30|8|12|16|1|3|5|||||||7.9|8.2|8.4|||||||||||||||||||||||||||||||||"26376273"|"78687724"
"C"||"C"||||15|||152|||||0|0|0|0|0|0|75|82.5|90|75|80|85|40|45|50|5|12.5|20||96.8|||0|||1.3|||18.2|||63.1|||14.2|||0.7||||||||0|2.5|5||||0|0.25|0.5||||1.5|1.55|1.6|||||1.63|||42|92|141|0.03|0.05|0.06||10.9|||7.2|||1.9|||34||0|1.5|2.9|0|7.5|15|0|0|0|0|0|0|".02"|".02"|0|3|5|0|0|0|13|22|30|8|12|16|1|3|5|||||||7.9|8.2|8.4|||||||||||||||||||||||||||||||||"26376273"|"78687725"
"Bw1"||"B"||1||8|||25|||17||0|0|0|0|0|0|19|23|26|16|20|23|13|17|22|9|12|16|40|45|50|3.8|4.5|5|5.2|6.1|6.8|7|8|8.9|12.5|13.8|15.3|11.5|12.6|14|32|43|50|||||||7|12|18||||0.1|0.3|0.5||||1.47|1.5|1.53||||1.51|1.54|1.59|2.63|14|28|42|0.04|0.05|0.06||||4.8|7.2|9.4|1.1|2.3|4|10|13|14|0.1|0.3|0.6|18|23|28|3|8|12|0|0|0|".05"|".43"|0|2|5|0|0|0|0|0|0|0|1|2|5.9|10|14.7||||7.4|11.5|53.7|7.9|8.2|8.4||||||||||0|0.3|0.9|||||||||||||||||||||"26376276"|"78687823"
"Bw2"||"B"||2||25|||53|||28||0|0|0|0|0|0|19|22|26|16|19|23|13|17|21|9|12|16|45|45|50|4.2|4.5|5|5.9|6.1|6.8|7.9|8|8.9|13.5|13.8|15.3|12.4|12.6|14|35|43|48|||||||7|12|18||||0.1|0.3|0.5||||1.44|1.46|1.47||||1.48|1.5|1.55|2.63|14|28|42|0.04|0.05|0.06||||4.9|6.9|9.4|1.1|2.2|3.9|11|13|15|0.1|0.3|0.6|18|23|28|3|8|12|0|0|0|".05"|".43"|0|2|5|0|0|0|0|0|0|0|1|2|5.9|10|14.7||||7.4|11.5|53.7|7.9|8.2|8.4||||||||||0|0.3|0.9|||||||||||||||||||||"26376276"|"78687824"
"Bk"||"B"||||53|||81|||28||0|0|0|0|0|0|13|16|20|9|13|16|8|11|15|5|8|11|45|45|50|4.2|4.5|5|5.9|6.1|6.8|7.9|8|8.9|13.5|13.8|15.3|12.4|12.6|14|35|43|48|||||||7|12|18||||0.1|0.3|0.5||||1.54|1.56|1.58||||1.59|1.61|1.68|2.63|14|28|42|0.02|0.05|0.05||||2.8|4.8|6.7|0.7|1.6|2.9|5|8|10|0.1|0.2|0.5|18|23|28|3|8|12|0|0|0|".05"|".55"|0|2|5|0|0|0|0|0|0|0|1|2|5.9|10|14.7||||7.4|11.5|53.7|7.9|8.2|8.4||||||||||0|0.3|0.9|||||||||||||||||||||"26376276"|"78687825"
"A"||"A"||||0|||8|||8||0|0|0|0|0|0|10|10|13|6|6|9|5|6|8|4|4|6|43|45|50|4|4.5|5|5.6|6.1|6.8|7.6|8|8.9|13.4|13.8|15.3|12.4|12.6|14|34|43|50|||||||7|12|18||||0.3|0.5|0.7||||1.44|1.47|1.5||||1.48|1.51|1.6|2.63|14|28|42|0.01|0.02|0.03||||2|2.4|4.1|0.5|0.8|1.7|4|4|7|0.1|0.1|0.3|18|23|29|3|7|12|0|0|0|".02"|".43"|0|1|3|0|0|0|0|0|0|0|1|2|6.1|10.2|14.9||||7.6|11.7|53.9|7.9|8.2|8.4||||||||||0|0.4|1|||||||||||||||||||||"26376276"|"78687826"
"R"||"R"||||81|||152|||71|||||||||||||||||||||0|||0|||0|||0|||0|||0|||100|||||||||0||||||||||||||||||||2.65|0|0.035|0.07||||||||||||||||||||||||||||||||||||||||||||||||||||||||||||||||||||||||||||||||||||||"26376276"|"78687827"
"Ap"||"A"||||0|||20|||||0|0|0|0|0|0|95|97.5|100|90|95|100|80|90|100|35|42.5|50||67.4|||4.4|||14.4|||17.9|||20|||10.7|||19.6||||||||8|13|18||||0.5|0.75|1||||1.2|1.25|1.3|||||1.31|||4|9|14|0.1|0.18|0.25|||||17|||7.5|||49||0|1.5|2.9|20|25|30|0|2.5|5|0|0|0|".15"|".15"|0|0|0|0|0|0|0|7|13|2|5|8|5|7.5|10|||||||7.4|7.9|8.4|||||||||||||||||||||||||||||||||"26376278"|"78687728"
"C"||"C"||||20|||56|||||0|0|0|0|0|0|75|87.5|100|70|82.5|95|45|60|75|25|42.5|60||66.8|||4.1|||14.6|||18.5|||19.8|||9.8|||15.2||||||||15|18|30||||0.5|0.75|1||||1.15|1.2|1.25|||||1.26|||4|9|14|0.08|0.17|0.25|||||17.8|||9|||47||0|1.5|2.9|25|30|35|0|5|10|0|0|4|".24"|".24"|0|0|0|0|0|0|0|7|13|2|5|8|5|12.5|20|||||||7.4|7.9|8.4|||||||||||||||||||||||||||||||||"26376278"|"78687729"
"2C"|2|"C"||||56|||180|||||0|0|0|0|0|0|100|100|100|100|100|100|95|97.5|100|85|90|95||26.1|||1.6|||2.2|||5|||9.4|||7.9|||28.9||||||||35|45|55||||0|0.25|0.5||||1.25|1.3|1.35|||||1.61|||0.42|1|1.4|0.06|0.11|0.15|||||40|||23.9|||48||6|7.5|8.9|40|52.5|65|20|30|40|17|29|43|".24"|".24"|0|0|0|0|0|0|0|7|13|8|12|16|15|20|25|||||||7.4|7.9|8.4|||||||||||||||||||||||||||||||||"26376278"|"78687730"
"Ap"||"A"||||0|||20|||||0|0|0|0|0|0|100|100|100|100|100|100|90|95|100|70|75|80||33.3|||2.9|||4.1|||5.7|||10.5|||10.1|||31.7||||||||30|35|40||||0.5|0.75|1||||1.25|1.3|1.35|||||1.48|||1.4|3|4|0.17|0.19|0.21|||||32.9|||19.9|||48||3|4.5|5.9|35|40|45|10|15|20|6|11|16|".20"|".20"|0|0|0|0|0|0|0|7|13|0|2|4|15|20|25|||||||7.9|8.2|8.4|||||||||||||||||||||||||||||||||"26376279"|"78687731"
"C"||"C"||||20|||51|||||0|0|0|0|0|0|75|87.5|100|70|82.5|95|45|60|75|25|42.5|60||36.5|||3.3|||4.6|||6.3|||11.4|||10.9|||39.5||||||||18|24|30||||0.5|0.75|1||||1.15|1.2|1.25|||||1.26|||4|9|14|0.17|0.19|0.21|||||20.1|||11.8|||47||0|1.5|2.9|25|30|35|0|5|10|0|0|4|".43"|".43"|0|0|0|0|0|0|0|7|13|0|2|4|10|17.5|25|||||||7.9|8.2|8.4|||||||||||||||||||||||||||||||||"26376279"|"78687732"
"2C"|2|"C"||||51|||180|||||0|0|0|0|0|0|100|100|100|100|100|100|95|97.5|100|85|90|95||26.1|||1.6|||2.2|||5|||9.4|||7.9|||28.9||||||||35|45|55||||0|0.25|0.5||||1.25|1.3|1.35|||||1.61|||0.42|1|1.4|0.17|0.19|0.21|||||40|||23.9|||48||6|7.5|8.9|40|52.5|65|20|30|40|17|29|43|".24"|".24"|0|0|0|0|0|0|0|7|13|0|2|4|10|15|20|||||||7.9|8.2|8.4|||||||||||||||||||||||||||||||||"26376279"|"78687733"
"C"||"C"||||25|||53|||||0|0|0|0|0|0|100|100|100|100|100|100|95|97.5|100|80|85|90||20.8|||0.1|||0.4|||1.2|||5.8|||13.3|||67.7||||||||5|11.5|18||||0|0.25|0.5||||1.25|1.3|1.35|||||1.36|||4|9|14|0.11|0.13|0.14|||||21.9|||6.3|||48||0|1.5|2.9|20|27.5|35|5|7.5|10|1|5|9|".55"|".55"|0|0|0|0|0|0|0|7|13|0|2|4|10|15|20|||||||7.9|8.2|8.4|||||||||||||||||||||||||||||||||"26376282"|"78687734"
"2C"|2|"C"||||53|||152|||||0|0|0|0|0|0|100|100|100|100|100|100|50|65|80|10|15|20||91.3|||0|||1.4|||16.6|||57|||16.3|||1.2||||||||5|7.5|10||||0|0.25|0.5||||1.4|1.5|1.6|||||1.57|||42|92|141|0.05|0.06|0.07||15.9|||12.4|||5.5|||41||0|1.5|2.9|0|7|14|0|0|0|0|0|0|".02"|".02"|0|0|0|0|0|0|0|7|13|0|2|4|1|3|5|||||||7.9|8.2|8.4|||||||||||||||||||||||||||||||||"26376282"|"78687735"
"Ap"||"A"||||0|||25|||||0|0|0|0|0|0|100|100|100|100|100|100|75|80|85|35|40|45||68.8|||0.1|||3.2|||15.6|||33|||16.9|||16.2||||||||10|15|20||||0|0.25|0.5||||1.25|1.33|1.4|||||1.39|||4|9|14|0.13|0.14|0.15|||||19|||9.3|||47||0|1.5|2.9|20|25|30|0|5|10|0|0|1|".28"|".28"|0|0|0|0|0|0|0|7|13|0|2|4|5|10|15|||||||7.9|8.2|8.4|||||||||||||||||||||||||||||||||"26376282"|"78687736"
"Ap"||"A"||||0|||25|||||0|0|0|0|0|0|100|100|100|100|100|100|75|80|85|35|42.5|50||68.8|||0.1|||3.2|||15.6|||33|||16.9|||16.2||||||||10|15|20||||0|0.25|0.5||||1.25|1.33|1.4|||||1.39|||4|9|14|0.03|0.04|0.04|||||19|||9.3|||47||0|1.5|2.9|20|22.5|25|0|2.5|5|0|0|0|".28"|".28"|0|0|0|0|0|0|13|22|30|16|24|32|5|10|15|||||||7.9|8.2|8.4|||||||||||||||||||||||||||||||||"26376284"|"78687737"
"C"||"C"||||25|||81|||||0|0|0|0|0|0|100|100|100|100|100|100|95|97.5|100|80|85|90||20.8|||0.1|||0.4|||1.2|||5.8|||13.3|||67.7||||||||5|11.5|18||||0|0.25|0.5||||1.25|1.3|1.35|||||1.36|||4|9|14|0.04|0.05|0.06|||||21.9|||6.3|||48||0|1.5|2.9|20|27.5|35|5|7.5|10|1|5|9|".55"|".55"|0|0|0|0|0|0|13|22|30|16|24|32|10|15|20|||||||7.9|8.2|8.4|||||||||||||||||||||||||||||||||"26376284"|"78687738"
"2C"|2|"C"||||81|||152|||||0|0|0|0|0|0|100|100|100|100|100|100|50|65|80|10|15|20||91.3|||0|||1.4|||16.6|||57|||16.3|||1.2||||||||5|7.5|10||||0|0.25|0.5||||1.4|1.5|1.6|||||1.57|||42|92|141|0.01|0.02|0.02||15.9|||12.4|||5.5|||41||0|1.5|2.9|0|7|14|0|0|0|0|0|0|".02"|".02"|0|0|0|0|0|0|13|22|30|16|24|32|1|3|5|||||||7.9|8.2|8.4|||||||||||||||||||||||||||||||||"26376284"|"78687739"
"A"||"A"||||0|||3|||||0|0|0|0|0|0|70|77.5|85|65|70|75|30|40|50|10|15|20||79.4|||0|||1.9|||12.9|||39.4|||25.2|||16.6||||||||3|4|5||||0|0.25|0.5||||1.4|1.5|1.6|||||1.59|||42|92|141|0.07|0.08|0.09||14|||9.3|||2.5|||33||0|1.5|2.9|0|7|14|0|0|0|0|0|0|".17"|".28"|5|8|10|0|0|0|0|7|13|0|1|2|1|3|5|||||||7.9|8.2|8.4|||||||||||||||||||||||||||||||||"26376300"|"78687740"
"Bk"||"B"||||3|||152|||||0|0|0|0|0|0|100|100|100|95|97.5|100|70|77.5|85|15|20|25||80.7|||0|||2|||13.1|||40|||25.6|||16.8||||||||0|2.5|5||||0|0.25|0.5||||1.3|1.43|1.55|||||1.5|||42|92|141|0.05|0.08|0.11||15.1|||9.3|||1.9|||43||0|1.5|2.9|0|7|14|0|0|0|0|0|0|".32"|".32"|10|13|15|0|0|0|0|7|13|0|2|4|1|3|5|||||||7.9|8.2|8.4|||||||||||||||||||||||||||||||||"26376300"|"78687741"
"A"||"A"||||0|||3|||||0|0|0|0|0|0|70|77.5|85|65|70|75|30|40|50|10|15|20||79.4|||0|||1.9|||12.9|||39.4|||25.2|||16.6||||||||3|4|5||||0|0.25|0.5||||1.4|1.5|1.6|||||1.59|||42|92|141|0.07|0.08|0.09||14|||9.3|||2.5|||33||0|1.5|2.9|0|7|14|0|0|0|0|0|0|".17"|".28"|5|8|10|0|0|0|0|7|13|0|1|2|1|3|5|||||||7.9|8.2|8.4|||||||||||||||||||||||||||||||||"26376303"|"78687742"
"Bk"||"B"||||3|||152|||||0|0|0|0|0|0|100|100|100|95|97.5|100|70|77.5|85|15|20|25||80.7|||0|||2|||13.1|||40|||25.6|||16.8||||||||0|2.5|5||||0|0.25|0.5||||1.3|1.43|1.55|||||1.5|||42|92|141|0.05|0.08|0.11||15.1|||9.3|||1.9|||43||0|1.5|2.9|0|7|14|0|0|0|0|0|0|".32"|".32"|10|13|15|0|0|0|0|7|13|0|2|4|1|3|5|||||||7.9|8.2|8.4|||||||||||||||||||||||||||||||||"26376303"|"78687743"
"A"||"A"||||0|||20|||||0|0|0|0|0|0|100|100|100|80|90|100|40|60|80|5|15|25||96|||0.7|||13.1|||37.2|||37.8|||7.2|||1.5||||||||0|2.5|5||||0|0.25|0.5||||1.4|1.5|1.6|||||1.57|||42|92|141|0.05|0.06|0.07||11.5|||7.5|||1.9|||39||0|1.5|2.9|0|7.5|15|0|0|0|0|0|0|".02"|".02"|0|0|0|0|0|0|0|0|0|2|3|4|1|3|5|||||||7.9|8.2|8.4|||||||||||||||||||||||||||||||||"26376304"|"78687744"
"C"||"C"||||20|||152|||||0|0|0|0|0|0|100|100|100|80|90|100|40|62.5|85|5|17.5|30||95.5|||0.7|||13.1|||37|||37.6|||7.1|||1.5||||||||0|3|6||||0|0.25|0.5||||1.4|1.5|1.6|||||1.57|||42|92|141|0.05|0.07|0.08||12|||8|||2.2|||39||0|1.5|2.9|0|7.5|15|0|0|0|0|0|0|".02"|".02"|0|0|0|0|0|0|0|0|0|2|3|4|1|3|5|||||||7.9|8.2|8.4|||||||||||||||||||||||||||||||||"26376304"|"78687745"
"A"||"A"||||0|||23|||||0|0|0|0|0|0|100|100|100|100|100|100|50|65|80|15|20|25||79.4|||0|||1.9|||12.9|||39.4|||25.2|||16.6||||||||3|4|5||||0|0.25|0.5||||1.4|1.45|1.5|||||1.52|||14|28|42|0.09|0.1|0.11||17.2|||11.3|||3|||43||0|1.5|2.9|0|7|14|0|0|0|0|0|0|".37"|".37"|2|4|5|0|0|0|0|7|13|0|2|4|5|7.5|10|||||||7.9|8.2|8.4|||||||||||||||||||||||||||||||||"26376306"|"78687726"
"C"||"C"||||23|||152|||||0|0|0|0|0|0|70|85|100|65|80|95|35|47.5|60|15|27.5|40||66.9|||4.7|||13.6|||16.7|||20.1|||11.8|||23.1||||||||5|10|15||||0|0.25|0.5||||1.2|1.28|1.35|||||1.35|||14|28|42|0.08|0.1|0.12|||||13.6|||5.1|||44||0|1.5|2.9|15|17.5|20|0|2.5|5|0|0|0|".28"|".28"|5|8|10|0|0|0|0|7|13|0|2|4|10|15|20|||||||7.9|8.2|8.4|||||||||||||||||||||||||||||||||"26376306"|"78687727"
"C"||"C"||||25|||152|||||0|0|0|0|0|0|95|97.5|100|95|97.5|100|70|75|80|20|25|30||30.9|||2.6|||3.6|||5.1|||9.7|||9.9|||56.6||||||||5|12.5|20||||0|0.25|0.5||||1.3|1.4|1.5|||||1.46|||14|28|42|0.09|0.1|0.11||17.3|||14.3|||7.9|||44||0|1.5|2.9|0|7|14|0|0|0|0|0|0|".55"|".55"|0|3|5|0|0|0|0|7|13|2|3|4|5|7.5|10|||||||7.9|8.2|8.4|||||||||||||||||||||||||||||||||"26376307"|"78687746"
"Ap"||"A"||||0|||25|||||0|0|0|0|0|0|100|100|100|100|100|100|60|65|70|30|35|40||67.9|||4.5|||14.5|||18|||20.2|||10.7|||19.6||||||||10|12.5|15||||0|0.25|0.5||||1.25|1.3|1.35||||1.31|1.36|1.42||14|28|42|0.1|0.11|0.12||||12.9|16.8|18.5|5.5|7.1|8.8|46|48|50|0|1.5|2.9|15|17.5|20|0|2.5|5|0|0|0|".17"|".17"|0|3|5|0|0|0|0|7|13|2|3|4|5|7.5|10|||||||7.9|8.2|8.4|||||||||||||||||||||||||||||||||"26376307"|"78687747"
"C"||"C"||||25|||152|||||0|0|0|0|0|0|95|97.5|100|95|97.5|100|70|75|80|20|25|30||83.8|||0|||1.1|||12.8|||48.2|||21.7|||4.7||||||||5|11.5|18||||0|0.25|0.5||||1.4|1.5|1.6||||1.47|1.57|1.64||14|28|42|0.01|0.02|0.03|9.2|22.5|26|7.2|17.6|22|3.3|8|12.8|36|40|45|0|1.5|2.9|0|7|14|0|0|0|0|0|0|".20"|".20"|5|8|10|0|0|0|13|22|30|16|24|32|1|3|5|||||||7.9|8.2|8.4|||||||||||||||||||||||||||||||||"26376309"|"78687748"
"Ap"||"A"||||0|||25|||||0|0|0|0|0|0|100|100|100|100|100|100|60|67.5|75|30|35|40||67.9|||4.5|||14.5|||18|||20.2|||10.7|||19.6||||||||10|12.5|15||||0|0.25|0.5||||1.25|1.3|1.35||||1.31|1.36|1.42||14|28|42|0.02|0.03|0.03||||12.9|16.8|18.5|5.5|7.1|8.8|46|48|50|0|1.5|2.9|20|22.5|25|0|2.5|5|0|0|0|".17"|".17"|0|3|5|0|0|0|13|22|30|16|24|32|5|7.5|10|||||||7.9|8.2|8.4|||||||||||||||||||||||||||||||||"26376309"|"78687749"
"A"||"A"||||0|||25|||||0|0|0|0|5|10|35|45|55|20|35|50|15|22.5|30|10|15|20||67.9|||4.5|||14.5|||18|||20.2|||10.7|||19.6||||||||10|12.5|15||||0|0.25|0.5||||1.25|1.38|1.5|||||1.51|||14|28|42|0.03|0.06|0.08|||||8.5|||3.7|||22||0|1.5|2.9|15|17.5|20|0|2.5|5|0|0|0|".10"|".24"|4|6|8|0|0|0|0|0|0|2|3|4|6|8|10|||||||7.9|8.2|8.4|||||||||||||||||||||||||||||||||"26376228"|"78687668"
"C"||"C"||||25|||152|||||0|0|0|5|8|10|20|25|30|15|20|25|10|15|20|5|7.5|10||66.9|||4.7|||13.6|||16.7|||20.1|||11.8|||23.1||||||||5|10|15||||0|0.25|0.5||||1.5|1.6|1.7|||||1.88|||42|92|141|0.02|0.04|0.05||5.4|||3.9|||1.4|||10||0|1.5|2.9|15|20|25|0|2.5|5|0|0|0|".05"|".24"|1|8|15|0|0|0|13|22|30|16|24|32|1|3|5|||||||7.9|8.5|9|||||||||||||||||||||||||||||||||"26376228"|"78687669"
"C2"||"C"||2||25|||152|||||0|0|0|0|0|0|75|82.5|90|75|80|85|40|45|50|5|12.5|20||96.8|||0|||1.3|||18.2|||63.1|||14.2|||0.7||||||||0|2.5|5||||0|0.25|0.5||||1.6|1.65|1.7|||||1.74|||42|92|141|0.04|0.05|0.06||10.9|||7.3|||2|||31||0|1.5|2.9|0|7|14|0|0|0|0|0|0|".02"|".02"|0|0|0|0|0|0|30|60|90|16|24|32|1|3|5|||||||7.9|8.2|8.4|||||||||||||||||||||||||||||||||"26376230"|"78687670"
"C1"||"C"||1||0|||25|||||0|0|0|0|0|0|75|82.5|90|75|80|85|40|45|50|5|12.5|20||96.8|||0|||1.3|||18.2|||63.1|||14.2|||0.7||||||||0|2.5|5||||0|0.25|0.5||||1.6|1.65|1.7|||||1.74|||42|92|141|0.04|0.05|0.06||10.9|||7.3|||2|||31||0|1.5|2.9|0|7|14|0|0|0|0|0|0|".02"|".02"|0|0|0|0|0|0|30|60|90|16|24|32|1|3|5|||||||7.9|8.2|8.4|||||||||||||||||||||||||||||||||"26376230"|"78687671"
"C1"||"C"||1||0|||13|||||0|0|0|0|3|5|30|35|40|15|22.5|30|5|7.5|10|0|2.5|5||91.9|||18.1|||30.4|||22.3|||15.5|||5.6|||6.6||||||||0|1.5|3||||0|0.25|0.5||||1.6|1.65|1.7|||||1.9|||141|141|141|0.02|0.03|0.04||3.4|||2.1|||0.4|||11||0|1.5|2.9|0|7|14|0|0|0|0|0|0|".02"|".02"|0|3|5|0|0|0|0|0|0|0|2|4|1|3|5|||||||7.4|7.9|8.4|||||||||||||||||||||||||||||||||"26376232"|"78687672"
"C2"||"C"||2||13|||152|||||0|0|0|0|13|25|30|47.5|65|15|37.5|60|5|20|35|0|7.5|15||91|||17.9|||30.1|||22.1|||15.4|||5.5|||6.5||||||||0|2.5|5||||0|0.25|0.5||||1.6|1.65|1.7|||||1.83|||141|141|141|0.02|0.03|0.04||5.4|||3.5|||0.9|||16||0|1.5|2.9|0|7|14|0|0|0|0|0|0|".02"|".02"|1|3|5|0|0|0|0|0|0|0|2|4|1|3|5|||||||7.4|7.9|8.4|||||||||||||||||||||||||||||||||"26376232"|"78687673"
"A"||"A"||||0|||8|||||0|0|0|40|40|43|38|42|45|38|38|40|20|28|30|10|12|15||67.9|||4.5|||14.5|||18|||20.2|||10.7|||19.6||||||||10|12.5|15||||0.5|0.75|1||||1.1|1.13|1.15|||||1.29|||14|28|42|0.03|0.04|0.05|||||5.4|||2.2|||18||0|1.5|2.9|15|17.5|20|0|2.5|5|0|0|0|".05"|".32"|10|13|15|0|0|0|0|0|0|0|2|4|10|15|20|||||||7.9|8.2|8.4|||||||||||||||||||||||||||||||||"26376235"|"78687674"
"Bk"||"B"||||8|||20|||||0|0|0|5|10|15|30|45|60|25||50|15|20|25|5|10|15||65.9|||4.3|||14.1|||17.5|||19.6|||10.4|||19.1||||||||10|15|20||||0|0.25|0.5||||1.45|1.5|1.55|||||1.65|||4|9|14|0.05|0.06|0.07|||||9.2|||4.6|||19||0|1.5|2.9|10|17.5|25|0|2.5|5|0|0|0|".10"|".32"|15|23|30|0|0|0|0|0|0|0|2|4|5|12.5|20|||||||7.9|8.2|8.4|||||||||||||||||||||||||||||||||"26376235"|"78687675"
"2Bkqm"|2|"B"||||20|||33|||||||||||||||||||||||||||||||||||||||||||||||||||0|||||0|0|0||||||||||||||0|0.035|0.07|0|0|0||||||||||||||0|||||||||||||||||||||||||||||||||||||||||||||||||||||||||||||||||||||"26376235"|"78687676"
"3R"|3|"R"||||33|||43||||||||||||||||||||||||||||||||||||||||||||||||||||||||||||||||||||||||0|0.035|0.07|||||||||||||||||0|||||||||||||||||||||||||||||||||||||||||||||||||||||||||||||||||||||"26376235"|"78687677"
"Btk"||"B"||||3|||56|||||0|0|0|0|3|5|30|45|60|20|35|50|15|30|45|10|22.5|35||57|||1.3|||8.4|||15.1|||20.7|||11.5|||18||||||||20|25|30||||0|0.25|0.5||||1.3|1.38|1.45|||||1.51|||4|9|14|0.05|0.08|0.11|||||11.6|||7.4|||23||0|1.5|2.9|25|30|35|5|7.5|10|0|0|0|".05"|".24"|1|8|15|0|0|0|1|7|13|8|12|16|10|15|20|||||||7.9|8.5|9|||||||||||||||||||||||||||||||||"26376236"|"78687678"
"C"||"C"||||56|||152|||||5|10|15|15|28|40|30|35|40|20|25|30|15|17.5|20|5|7.5|10||84.3|||1.1|||12.2|||26.6|||32.1|||12.3|||9.2||||||||3|6.5|10||||0|0.25|0.5||||1.5|1.6|1.7|||||1.93|||42|92|141|0.02|0.04|0.05||4.7|||3.4|||1.2|||||0|1.5|2.9|15|20|25|0|2.5|5|0|0|0|".02"|".15"|1|8|15|0|0|0|13|22|30|16|24|32|1|3|5|||||||7.9|8.5|9|||||||||||||||||||||||||||||||||"26376236"|"78687679"
"E"||"E"||||0|||3|||||0|0|0|0|3|5|30|45|60|20|35|50|15|30|45|10|22.5|35||30.1|||2.5|||3.5|||5|||9.4|||9.7|||54.9||||||||10|15|20||||0|0.25|0.5||||1.35|1.4|1.45|||||1.53|||4|9|14|0.05|0.08|0.1|||||12.1|||4.3|||22||0|1.5|2.9|20|25|30|5|7.5|10|0|0|0|".10"|".49"|1|8|15|0|0|0|1|7|13|0|1|2|5|10|15|||||||7.9|8.5|9|||||||||||||||||||||||||||||||||"26376236"|"78687680"
"A"||"A"||||0|||5|||||0|0|0|0|5|10|35|45|55|20|35|50|15|22.5|30|10|15|20||67.9|||4.5|||14.5|||18|||20.2|||10.7|||19.6||||||||10|12.5|15||||0|0.25|0.5||||1.25|1.38|1.5|||||1.51|||14|28|42|0.03|0.06|0.08|||||8.5|||3.7|||22||0|1.5|2.9|15|17.5|20|0|2.5|5|0|0|0|".10"|".28"|4|6|8|0|0|0|0|0|0|2|3|4|6|8|10|||||||7.9|8.2|8.4|||||||||||||||||||||||||||||||||"26376237"|"78687681"
"Bw"||"B"||||5|||43|||||0|0|0|0|5|10|30|45|60|20|35|50|15|30|45|10|22.5|35||60.2|||4.2|||5.8|||14.4|||22.2|||13.6|||18.3||||||||18|21.5|25||||0|0.25|0.5||||1.25|1.4|1.55|||||1.53|||4|9|14|0.04|0.08|0.12|||||10.7|||6.3|||22||0|1.5|2.9|25|27.5|30|5|7.5|10|0|0|0|".10"|".24"|4|9|13|0|0|0|0|0|0|2|5|8|9|12|15|||||||7.9|8.2|8.4|||||||||||||||||||||||||||||||||"26376237"|"78687682"
"Bk"||"B"||||43|||152|||||0|0|0|0|8|15|30|45|60|25|37.5|50|15|32.5|50|5|17.5|30||65.9|||4.3|||14.1|||17.5|||19.6|||10.4|||19.1||||||||10|15|20||||0|0.25|0.5||||1.15|1.3|1.45|||||1.42|||4|23|42|0.03|0.07|0.1|||||9.4|||4.4|||25||0|1.5|2.9|15|20|25|0|5|10|0|0|0|".05"|".24"|13|27|40|1|6|10|0|13|25|8|12|16|9|10.5|12|||||||7.9|8.2|8.4|||||||||||||||||||||||||||||||||"26376237"|"78687683"
"Ap"||"A"||||0|||25|||||0|0|0|0|0|0|100|100|100|95|97.5|100|95|97.5|100|75|85|95||27.1|||0.1|||0.5|||1.5|||7.6|||17.4|||41.9||||||||27|31|35||||0|0.25|0.5||||1.35|1.4|1.45|||||1.6|||1.4|3|4|0.12|0.15|0.18|||||31.6|||18.3|||44||3|4.5|5.9|35|42.5|50|10|15|20|7|14|23|".43"|".43"|0|0|0|0|0|0|0|7|13|4|10|16|10|15|20|||||||7.9|8.2|8.4|||||||||||||||||||||||||||||||||"26376239"|"78687684"
"C"||"C"||||25|||89|||||0|0|0|0|0|0|100|100|100|95|97.5|100|95|97.5|100|85|90|95||6.7|||0.3|||0.6|||0.9|||2.1|||2.8|||62.3||||||||27|31|35||||0|0.25|0.5||||1.35|1.4|1.45|||||1.6|||1.4|3|4|0.12|0.15|0.18|||||31.1|||17.4|||44||3|4.5|5.9|35|42.5|50|10|15|20|8|15|23|".43"|".43"|0|0|0|0|0|0|0|7|13|4|10|16|10|15|20|||||||7.9|8.2|8.4|||||||||||||||||||||||||||||||||"26376239"|"78687685"
"2C"|2|"C"||||89|||152|||||0|0|0|0|0|0|100|100|100|95|97.5|100|50|65|80|5|12.5|20||96.8|||0|||1.3|||18.2|||63.1|||14.2|||0.7||||||||0|2.5|5||||0|0.25|0.5||||1.6|1.65|1.7|||||1.73|||42|92|141|0.04|0.05|0.06||12.5|||8.3|||2.3|||35||0|1.5|2.9|0|7|14|0|0|0|0|0|0|".02"|".02"|0|0|0|0|0|0|0|7|13|4|10|16|1|3|5|||||||7.9|8.2|8.4|||||||||||||||||||||||||||||||||"26376239"|"78687686"
"Ap"||"A"||||0|||30|||||0|0|0|0|0|0|100|100|100|100|100|100|90|95|100|75|85|95||26.1|||1.7|||2.2|||5|||9.4|||7.8|||28.9||||||||40|45|50||||0.5|0.75|1||||1.15|1.2|1.25||||1.44|1.49|1.55||0.42|1|1.4|0.15|0.16|0.17||||30|41.9|42.9|20.8|23.6|26.3|50|52|53|6|7.5|8.9|50|55|60|25|30|35|21|27|35|".24"|".24"|2|4|5|0|0|0|0|7|13|4|10|16|10|15|20|||||||7.9|8.2|8.4|||||||||||||||||||||||||||||||||"26376242"|"78687687"
"C"||"C"||||30|||152|||||0|0|0|0|0|0|100|100|100|100|100|100|95|97.5|100|80|85|90||22.1|||3|||3.5|||4.1|||6.2|||5.3|||27.9||||||||45|50|55||||0.5|1.25|2||||1.15|1.2|1.25||||1.44|1.49|1.55||0.42|1|1.4|0.15|0.16|0.17||||41.9|42.9|43.9|23.3|26.6|29.8|49|51|53|6|7.5|8.9|50|55|60|25|30|35|21|27|35|".24"|".24"|5|8|10|0|0|0|0|7|13|4|10|16|10|15|20|||||||7.9|8.2|8.4|||||||||||||||||||||||||||||||||"26376242"|"78687688"
"C1"||"C"||1||23|||48|||||0|0|0|0|0|0|100|100|100|100|100|100|85|90|95|60|70|80||62.7|||0|||0.1|||2.2|||24.2|||36.2|||23.3||||||||10|14|18||||0|0.25|0.5||||1.15|1.25|1.35|||||1.31|||4|9|14|0.15|0.18|0.21|||||18.1|||8.3|||50||0|1.5|2.9|25|27.5|30|5|7.5|10|0|3|6|".49"|".49"|2|4|5|0|0|0|0|7|13|4|6|8|5|12.5|20|||||||7.9|8.2|8.4|||||||||||||||||||||||||||||||||"26376311"|"78687750"
"2C2"|2|"C"||2||48|||152|||||0|0|0|0|0|0|85|92.5|100|80|87.5|95|40|50|65|5|10|15||95|||0.7|||13|||36.8|||37.4|||7.1|||1.5||||||||2|3.5|5||||0|0.25|0.5||||1.35|1.4|1.45|||||1.47|||42|92|141|0.05|0.06|0.07||12|||8.1|||2.3|||42||0|1.5|2.9|0|7|14|0|0|0|0|0|0|".02"|".02"|2|4|5|0|0|0|0|7|13|4|6|8|2|6|10|||||||7.9|8.2|8.4|||||||||||||||||||||||||||||||||"26376311"|"78687751"
"Ap"||"A"||||0|||23|||||0|0|0|0|0|0|100|100|100|100|100|100|70|77.5|85|40|47.5|55||67.2|||4.1|||14.7|||18.6|||19.9|||9.9|||15.3||||||||15|17.5|20||||0.5|0.65|0.8||||1.25|1.3|1.35|||||1.36|||4|9|14|0.13|0.16|0.18|||||19.9|||10.3|||48||0|1.5|2.9|20|25|30|0|5|10|0|0|3|".15"|".15"|2|4|5|0|0|0|0|7|13|4|6|8|5|10|15|||||||7.9|8.2|8.4|||||||||||||||||||||||||||||||||"26376311"|"78687752"
"Ap"||"A"||||0|||23|||||0|0|0|0|0|0|100|100|100|100|100|100|90|95|100|70|75|80||34.7|||3|||4.3|||6|||11|||10.4|||32.8||||||||30|32.5|35||||0.5|0.75|1||||1.15|1.2|1.25|||||1.37|||1.4|3|4|0.19|0.2|0.21|||||31.2|||17.2|||52||3|4.5|5.9|35|37.5|40|10|12.5|15|6|9|12|".24"|".24"|2|4|5|0|0|0|0|7|13|0|1|2|5|10|15|||||||7.9|8.2|8.4|||||||||||||||||||||||||||||||||"26376314"|"78687759"
"C"||"C"||||23|||58|||||0|0|0|0|0|0|100|100|100|100|100|100|85|90|95|60|70|80||62.7|||0|||0.1|||2.2|||24.2|||36.2|||23.3||||||||10|14|18||||0|0.25|0.5||||1.15|1.25|1.35|||||1.31|||4|9|14|0.15|0.18|0.21|||||18.1|||8.3|||50||0|1.5|2.9|25|27.5|30|5|7.5|10|0|3|6|".49"|".49"|2|4|5|0|0|0|0|7|13|0|1|2|5|12.5|20|||||||7.9|8.2|8.4|||||||||||||||||||||||||||||||||"26376314"|"78687760"
"2C"|2|"C"||||58|||152|||||0|0|0|0|8|15|40|67.5|95|30|60|90|15|37.5|60|5|10|15||95|||0.7|||13|||36.8|||37.4|||7.1|||1.5||||||||2|3.5|5||||0|0.25|0.5||||1.35|1.4|1.45|||||1.49|||42|92|141|0.05|0.06|0.07||9|||6.1|||1.8|||31||0|1.5|2.9|0|7|14|0|0|0|0|0|0|".02"|".02"|2|4|5|0|0|0|0|7|13|0|1|2|2|6|10|||||||7.9|8.2|8.4|||||||||||||||||||||||||||||||||"26376314"|"78687761"
"2C"|2|"C"||||89|||152|||||0|0|0|0|0|0|75|82.5|90|75|80|85|40|45|50|5|12.5|20||96.8|||0|||1.3|||18.2|||63.1|||14.2|||0.7||||||||0|2.5|5||||0|0.25|0.5||||1.6|1.65|1.7|||||1.74|||42|92|141|0.04|0.05|0.06||10.9|||7.3|||2|||31||0|1.5|2.9|0|7|14|0|0|0|0|0|0|".02"|".02"|0|0|0|0|0|0|30|60|90|16|24|32|1|3|5|||||||7.9|8.2|8.4|||||||||||||||||||||||||||||||||"26376315"|"78687756"
"Ap"||"A"||||0|||25|||||0|0|0|0|0|0|100|100|100|95|97.5|100|60|65|70|30|35|40||66.9|||4.7|||13.6|||16.7|||20.1|||11.8|||23.1||||||||5|10|15||||0|0.25|0.5||||1.4|1.45|1.5|||||1.52|||14|28|42|0.11|0.12|0.13|||||15.9|||6.3|||42||0|1.5|2.9|20|22.5|25|0|2.5|5|0|0|0|".28"|".28"|0|0|0|0|0|0|30|60|90|16|24|32|5|10|15|||||||7.9|8.2|8.4|||||||||||||||||||||||||||||||||"26376315"|"78687757"
"C"||"C"||||25|||89|||||0|0|0|0|0|0|100|100|100|95|97.5|100|95|97.5|100|85|90|95||31.1|||0|||0.2|||0.8|||7|||23.1|||41.4||||||||20|27.5|35||||0|0.25|0.5||||1.35|1.4|1.45|||||1.6|||1.4|3|4|0.12|0.15|0.18|||||29.8|||15.5|||44||3|4.5|5.9|35|42.5|50|10|15|20|8|15|23|".49"|".49"|0|0|0|0|0|0|30|60|90|16|24|32|5|12.5|20|||||||7.9|8.2|8.4|||||||||||||||||||||||||||||||||"26376315"|"78687758"
"Ap"||"A"||||0|||25|||||0|0|0|0|0|0|100|100|100|95|97.5|100|70|77.5|85|40|47.5|55||65.9|||4.3|||14.1|||17.5|||19.6|||10.4|||19.1||||||||10|15|20||||0|0.25|0.5||||1.4|1.45|1.5|||||1.52|||4|9|14|0.1|0.12|0.14|||||18.9|||9.3|||42||0|1.5|2.9|25|27.5|30|0|2.5|5|0|0|1|".20"|".20"|0|0|0|0|0|0|0|7|13|4|10|16|5|7.5|10|||||||7.9|8.2|8.4|||||||||||||||||||||||||||||||||"26376318"|"78687753"
"C1"||"C"||1||25|||89|||||0|0|0|0|0|0|100|100|100|95|97.5|100|95|97.5|100|85|90|95||6.7|||0.3|||0.6|||0.9|||2.1|||2.8|||62.3||||||||27|31|35||||0|0.25|0.5||||1.35|1.4|1.45|||||1.6|||1.4|3|4|0.12|0.15|0.18|||||31.1|||17.4|||44||3|4.5|5.9|35|42.5|50|10|15|20|8|15|23|".43"|".43"|0|0|0|0|0|0|0|7|13|4|10|16|10|15|20|||||||7.9|8.2|8.4|||||||||||||||||||||||||||||||||"26376318"|"78687754"
"2C2"|2|"C"||2||89|||152|||||0|0|0|0|0|0|100|100|100|95|97.5|100|50|65|80|5|12.5|20||96.8|||0|||1.3|||18.2|||63.1|||14.2|||0.7||||||||0|2.5|5||||0|0.25|0.5||||1.6|1.65|1.7|||||1.73|||42|92|141|0.04|0.05|0.06||12.5|||8.3|||2.3|||35||0|1.5|2.9|0|7|14|0|0|0|0|0|0|".02"|".02"|0|0|0|0|0|0|0|7|13|4|10|16|1|3|5|||||||7.9|8.2|8.4|||||||||||||||||||||||||||||||||"26376318"|"78687755"
"C"||"C"||||23|||152|||||0|0|0|0|0|0|70|85|100|65|80|95|35|47.5|60|15|27.5|40||66.9|||4.7|||13.6|||16.7|||20.1|||11.8|||23.1||||||||5|10|15||||0|0.25|0.5||||1.2|1.28|1.35|||||1.35|||14|28|42|0.08|0.1|0.12|||||13.6|||5.1|||44||0|1.5|2.9|15|17.5|20|0|2.5|5|0|0|0|".28"|".28"|5|8|10|0|0|0|0|7|13|4|6|8|10|15|20|||||||7.9|8.2|8.4|||||||||||||||||||||||||||||||||"26376319"|"78687762"
"Ap"||"A"||||0|||23|||||0|0|0|0|0|0|100|100|100|100|100|100|70|77.5|85|40|47.5|55||67.2|||4.1|||14.7|||18.6|||19.9|||9.9|||15.3||||||||15|17.5|20||||0.5|0.65|0.8||||1.25|1.3|1.35|||||1.36|||4|9|14|0.13|0.16|0.18|||||19.9|||10.3|||48||0|1.5|2.9|20|25|30|0|5|10|0|0|3|".20"|".20"|2|4|5|0|0|0|0|7|13|4|6|8|5|10|15|||||||7.9|8.2|8.4|||||||||||||||||||||||||||||||||"26376319"|"78687763"
"C"||"C"||||30|||152|||||0|0|0|0|0|0|100|100|100|100|100|100|95|97.5|100|80|85|90||22.1|||3|||3.5|||4.1|||6.2|||5.3|||27.9||||||||45|50|55||||0.5|1.25|2||||1.15|1.2|1.25||||1.44|1.49|1.55||0.42|1|1.4|0.15|0.16|0.17||||41.9|42.9|43.9|23.3|26.6|29.8|49|51|53|6|7.5|8.9|50|55|60|25|30|35|21|27|35|".24"|".24"|5|8|10|0|0|0|0|7|13|4|10|16|10|15|20|||||||7.9|8.2|8.4|||||||||||||||||||||||||||||||||"26376321"|"78687764"
"Ap"||"A"||||0|||30|||||0|0|0|0|0|0|100|100|100|95|97.5|100|70|85|100|40|55|75||45|||4.5|||6.1|||8|||13.8|||12.6|||43||||||||10|12|15||||0|0.25|0.5||||1.25|1.32|1.4||||1.31|1.38|1.44||4|9|14|0.16|0.17|0.18||||20.1|22|24.4|5.1|6.6|8.5|44|47|50|0|1.5|2.9|20|27.5|30|0|5|7|0|0|4|".49"|".49"|10|12|15|0|0|0|0|7|13|0|1|2|4|7|10|||||||7.9|8.2|8.4|||||||||||||||||||||||||||||||||"26376321"|"78687765"
"C"||"C"||||25|||152|||||0|0|0|0|0|0|100|100|100|95|97.5|100|80|90|100|60|72.5|85||63.8|||0|||0.1|||2.3|||24.6|||36.8|||23.7||||||||10|12.5|15||||0|0.25|0.5||||1.2|1.28|1.35|||||1.34|||4|9|14|0.16|0.17|0.18|||||17.2|||7.6|||48||0|1.5|2.9|20|22.5|25|5|7.5|10|0|2|6|".49"|".49"|5|8|10|0|0|0|0|7|13|0|1|2|10|15|20|||||||7.9|8.2|8.4|||||||||||||||||||||||||||||||||"26376324"|"78687766"
"Ap"||"A"||||0|||25|||||0|0|0|0|0|0|100|100|100|100|100|100|50|65|80|15|20|25||79.4|||0|||1.9|||12.9|||39.4|||25.2|||16.6||||||||3|4|5||||0|0.25|0.5||||1.4|1.45|1.5|||||1.52|||14|28|42|0.09|0.1|0.11||17.2|||11.3|||3|||43||0|1.5|2.9|0|7|14|0|0|0|0|0|0|".32"|".32"|2|4|5|0|0|0|0|7|13|0|2|4|5|7.5|10|||||||7.9|8.2|8.4|||||||||||||||||||||||||||||||||"26376324"|"78687767"
"A"||"A"||||0|||30|||||0|0|0|0|0|0|100|100|100|100|100|100|95|97.5|100|85|90|95||6.7|||0.3|||0.6|||0.9|||2.1|||2.8|||62.8||||||||27|30.5|34||||0.5|0.75|1||||1.1|1.25|1.3|||||1.43|||1.4|3|4|0.19|0.2|0.21|||||30.5|||16.1|||50||3|4.5|5.9|30|35|40|10|12.5|15|7|11|16|".43"|".43"|10|13|15|0|0|0|0|7|13|0|1|2|12|18|23|||||||7.9|8.2|8.4|||||||||||||||||||||||||||||||||"26376326"|"78687768"
"C"||"C"||||30|||152|||||0|0|0|0|0|0|100|100|100|100|100|100|95|97.5|100|75|85|95||6.8|||0|||0|||0.2|||1.9|||4.7|||66.7||||||||18|26.5|35||||0|0.25|0.5||||1.35|1.4|1.45|||||1.6|||1.4|3|4|0.19|0.2|0.21|||||29.9|||15.2|||45||3|4.5|5.9|35|40|45|15|17.5|20|10|15|21|".49"|".49"|25|28|30|0|0|0|0|7|13|2|3|4|6|13.5|21|||||||7.9|8.2|8.4|||||||||||||||||||||||||||||||||"26376326"|"78687769"
"Ap"||"A"||||0|||25|||||0|0|0|0|0|0|100|100|100|100|100|100|95|97.5|100|85|90|95||18.2|||1.6|||2.3|||3.1|||5.6|||5.6|||29.3||||||||50|52.5|55||||0.5|0.75|1||||1.35|1.4|1.45|||||1.74|||0.42|1|1.4|0.14|0.15|0.16|||||39.4|||29.2|||44||6|7.5|8.9|55|65|75|35|42.5|50|31|42|54|".24"|".24"|5|8|10|0|0|0|0|7|13|0|2|4|30|35|40|||||||7.9|8.2|8.4|||||||||||||||||||||||||||||||||"26376327"|"78687770"
"C"||"C"||||25|||76|||||0|0|0|0|0|0|100|100|100|100|100|100|95|97.5|100|85|90|95||18.2|||1.6|||2.3|||3.1|||5.6|||5.6|||29.3||||||||50|52.5|55||||0|0.25|0.5||||1.35|1.4|1.45|||||1.74|||0.42|1|1.4|0.14|0.15|0.16|||||39.4|||28.6|||45||6|7.5|8.9|55|65|75|35|42.5|50|31|42|54|".24"|".24"|5|8|10|0|0|0|0|7|13|0|2|4|30|35|40|||||||7.9|8.2|8.4|||||||||||||||||||||||||||||||||"26376327"|"78687771"
"2C"|2|"C"||||76|||84|||||0|0|0|0|0|0|100|100|100|100|100|100|85|92.5|100|50|57.5|65||59.3|||0|||0|||0.4|||9.2|||49.7|||23.2||||||||15|17.5|20||||0|0.25|0.5||||1.15|1.23|1.3|||||1.29|||4|9|14|0.15|0.16|0.17|||||19.8|||10.2|||51||0|1.5|2.9|25|27.5|30|0|5|10|0|0|4|".55"|".55"|5|8|10|0|0|0|0|7|13|0|2|4|5|10|15|||||||7.9|8.2|8.4|||||||||||||||||||||||||||||||||"26376327"|"78687772"
"3C"|3|"C"||||84|||152|||||0|0|0|0|0|0|100|100|100|100|100|100|60|70|80|5|15|25||90.7|||0.5|||10.9|||33.4|||37.8|||8.1|||1.8||||||||5|7.5|10||||0|0.25|0.5||||1.5|1.55|1.6|||||1.62|||42|92|141|0.04|0.06|0.07||15.9|||12.3|||5.5|||39||0|1.5|2.9|0|7|14|0|0|0|0|0|0|".02"|".02"|0|3|5|0|0|0|0|7|13|0|2|4|0|2.5|5|||||||7.9|8.2|8.4|||||||||||||||||||||||||||||||||"26376327"|"78687773"
"2C"|2|"C"||||76|||84|||||0|0|0|0|0|0|100|100|100|100|100|100|85|92.5|100|50|57.5|65||59.3|||0|||0|||0.4|||9.2|||49.7|||23.2||||||||15|17.5|20||||0|0.25|0.5||||1.15|1.23|1.3|||||1.29|||4|9|14|0.15|0.16|0.17|||||19.8|||10.2|||51||0|1.5|2.9|15|20|25|0|5|10|0|0|3|".55"|".55"|5|8|10|0|0|0|13|22|30|16|24|32|5|10|15|||||||7.9|8.2|8.4|||||||||||||||||||||||||||||||||"26376329"|"78687774"
"3C"|3|"C"||||84|||152|||||0|0|0|0|0|0|95|97.5|100|80|85|90|45|50|55|5|7.5|10||96|||0.7|||13.1|||37.2|||37.8|||7.2|||1.5||||||||0|2.5|5||||0|0.25|0.5||||1.5|1.55|1.6|||||1.63|||42|92|141|0.01|0.02|0.02||11.2|||7.3|||1.9|||36||0|1.5|2.9|0|7.5|15|0|0|0|0|0|0|".02"|".02"|5|8|10|0|0|0|13|22|30|16|24|32|0|2.5|5|||||||7.9|8.2|8.4|||||||||||||||||||||||||||||||||"26376329"|"78687775"
"C"||"C"||||25|||76|||||0|0|0|0|0|0|100|100|100|100|100|100|95|97.5|100|85|90|95||18.2|||1.6|||2.3|||3.1|||5.6|||5.6|||29.3||||||||50|52.5|55||||0|0.25|0.5||||1.35|1.4|1.45|||||1.74|||0.42|1|1.4|0.03|0.04|0.05|||||39.4|||28.6|||45||6|7.5|8.9|55|65|75|35|42.5|50|31|42|54|".24"|".24"|5|8|10|0|0|0|13|22|30|16|24|32|30|35|40|||||||7.9|8.2|8.4|||||||||||||||||||||||||||||||||"26376329"|"78687776"
"Ap"||"A"||||0|||25|||||0|0|0|0|0|0|100|100|100|100|100|100|90|95|100|70|75|80||34.7|||3|||4.3|||6|||11|||10.4|||32.8||||||||30|32.5|35||||0.5|0.75|1||||1.15|1.2|1.25|||||1.37|||1.4|3|4|0.19|0.2|0.21|||||31.2|||17.2|||52||3|4.5|5.9|35|37.5|40|10|12.5|15|6|9|12|".32"|".32"|5|8|10|0|0|0|13|22|30|16|24|32|5|10|15|||||||7.9|8.2|8.4|||||||||||||||||||||||||||||||||"26376329"|"78687777"
"C"||"C"||||18|||81|||||0|0|0|0|0|0|100|100|100|100|100|100|95|97.5|100|85|90|95||22.1|||3|||3.5|||4.1|||6.2|||5.3|||27.9||||||||40|50|60||||0|0.25|0.5||||1.35|1.4|1.45|||||1.74|||0.42|1|1.4|0.17|0.21|0.25|||||38.9|||27.3|||45||6|7.5|8.9|40|52.5|65|20|27.5|35|17|27|39|".24"|".24"|10|13|15|0|0|0|0|7|13|2|5|8|30|35|40|||||||7.4|8.2|9|||||||||||||||||||||||||||||||||"26376331"|"78687778"
"2C"|2|"C"||||81|||152|||||0|0|0|0|0|0|100|100|100|100|100|100|85|90|95|60|65|70||39.2|||3.5|||5|||6.8|||12.3|||11.6|||37.3||||||||20|23.5|27||||0|0.25|0.5||||1.4|1.45|1.5|||||1.52|||4|9|14|0.15|0.2|0.25|||||29|||14|||43||0|1.5|2.9|25|30|35|0|5|10|0|2|6|".37"|".37"|10|13|15|0|0|0|0|7|13|2|5|8|10|12.5|15|||||||7.4|8.2|9|||||||||||||||||||||||||||||||||"26376331"|"78687779"
"Ap"||"A"||||0|||18|||||0|0|0|0|0|0|100|100|100|100|100|100|50|65|80|15|20|25||79.4|||0|||1.9|||12.9|||39.4|||25.2|||16.6||||||||3|4|5||||0|0.25|0.5||||1.4|1.45|1.5|||||1.52|||14|28|42|0.09|0.1|0.11||17.2|||11.3|||3|||43||0|1.5|2.9|0|7|14|0|0|0|0|0|0|".43"|".43"|2|4|5|0|0|0|0|7|13|0|2|4|5|7.5|10|||||||7.9|8.2|8.4|||||||||||||||||||||||||||||||||"26376331"|"78687780"
"C"||"C"||||18|||81|||||0|0|0|0|0|0|100|100|100|100|100|100|95|97.5|100|85|90|95||22.1|||3|||3.5|||4.1|||6.2|||5.3|||27.9||||||||40|50|60||||0|0.25|0.5||||1.35|1.4|1.45|||||1.74|||0.42|1|1.4|0.17|0.21|0.25|||||38.9|||27.3|||45||6|7.5|8.9|40|52.5|65|20|27.5|35|17|27|39|".24"|".24"|10|13|15|0|0|0|0|7|13|2|5|8|30|35|40|||||||7.4|8.2|9|||||||||||||||||||||||||||||||||"26376333"|"78687781"
"Ap"||"A"||||0|||18|||||0|0|0|0|0|0|100|100|100|100|100|100|90|95|100|75|85|95||26.1|||1.7|||2.2|||5|||9.4|||7.8|||28.9||||||||40|45|50||||0.5|0.75|1||||1.15|1.2|1.25|||||1.49|||0.42|1|1.4|0.15|0.16|0.17|||||41.9|||23.6|||52||6|7.5|8.9|50|55|60|25|30|35|21|27|35|".24"|".24"|2|4|5|0|0|0|0|7|13|4|10|16|10|15|20|||||||7.9|8.2|8.4|||||||||||||||||||||||||||||||||"26376333"|"78687782"
"2C"|2|"C"||||81|||152|||||0|0|0|0|0|0|100|100|100|100|100|100|85|90|95|60|65|70||39.2|||3.5|||5|||6.8|||12.3|||11.6|||37.3||||||||20|23.5|27||||0|0.25|0.5||||1.4|1.45|1.5|||||1.52|||4|9|14|0.15|0.2|0.25|||||29|||14|||43||0|1.5|2.9|25|30|35|0|5|10|0|2|6|".37"|".37"|10|13|15|0|0|0|0|7|13|2|5|8|10|12.5|15|||||||7.4|8.2|9|||||||||||||||||||||||||||||||||"26376333"|"78687783"
"C"||"C"||||20|||152|||||0|0|0|0|0|0|75|82.5|90|75|80|85|40|45|50|5|12.5|20||96.8|||0|||1.3|||18.2|||63.1|||14.2|||0.7||||||||0|2.5|5||||0|0.25|0.5||||1.45|1.53|1.6||||1.53|1.61|1.69||42|92|141|0.05|0.06|0.07|4.3|10.8|13.5|1.5|7.1|10|0.1|1.9|3.9|31|35|39|0|1.5|2.9|0|7|14|0|0|0|0|0|0|".02"|".02"|0|3|5|0|0|0|0|7|13|0|2|4|1|3|5|||||||7.9|8.2|8.4|||||||||||||||||||||||||||||||||"26376335"|"78687784"
"Ap"||"A"||||0|||20|||||0|0|0|0|0|0|100|100|100|100|100|100|70|77.5|85|40|47.5|55||67.2|||4.1|||14.7|||18.6|||19.9|||9.9|||15.3||||||||15|17.5|20||||0.5|0.65|0.8||||1.35|1.43|1.5||||1.42|1.5|1.56||4|9|14|0.13|0.16|0.18||||19.3|20.8|22.1|9.7|11.4|13.1|41|43|46|0|1.5|2.9|20|25|30|0|5|10|0|0|3|".10"|".10"|2|4|5|0|0|0|0|7|13|4|6|8|5|10|15|||||||7.9|8.2|8.4|||||||||||||||||||||||||||||||||"26376335"|"78687785"
"C"||"C"||||20|||152|||||0|0|0|0|0|0|75|82.5|90|75|80|85|40|45|50|5|12.5|20||96.8|||0|||1.3|||18.2|||63.1|||14.2|||0.7||||||||0|2.5|5||||0|0.25|0.5||||1.45|1.53|1.6||||1.53|1.61|1.69||42|92|141|0.05|0.06|0.07|4.3|10.8|13.5|1.5|7.1|10|0.1|1.9|3.9|31|35|39|0|1.5|2.9|0|7|14|0|0|0|0|0|0|".02"|".02"|0|3|5|0|0|0|0|7|13|0|2|4|1|3|5|||||||7.9|8.2|8.4|||||||||||||||||||||||||||||||||"26376337"|"78687786"
"Ap"||"A"||||0|||20|||||0|0|0|0|0|0|100|100|100|100|100|100|90|95|100|70|75|80||34.7|||3|||4.3|||6|||11|||10.4|||32.8||||||||30|32.5|35||||0.5|0.75|1||||1.15|1.2|1.25||||1.32|1.37|1.43||1.4|3|4|0.19|0.2|0.21||||30.2|31.2|32.1|15.6|17.2|18.7|50|52|53|3|4.5|5.9|35|37.5|40|10|12.5|15|6|9|12|".32"|".32"|2|4|5|0|0|0|0|7|13|0|1|2|5|10|15|||||||7.9|8.2|8.4|||||||||||||||||||||||||||||||||"26376337"|"78687787"
"Ap"||"A"||||0|||20|||||0|0|0|0|0|0|100|100|100|100|100|100|50|65|80|15|20|25||79.4|||0|||1.9|||12.9|||39.4|||25.2|||16.6||||||||3|4|5||||0|0.25|0.5||||1.4|1.45|1.5|||||1.52|||14|28|42|0.09|0.1|0.11||17.2|||11.3|||3|||43||0|1.5|2.9|0|7|14|0|0|0|0|0|0|".28"|".28"|2|4|5|0|0|0|0|7|13|0|2|4|5|7.5|10|||||||7.9|8.2|8.4|||||||||||||||||||||||||||||||||"26376339"|"78687788"
"C"||"C"||||20|||56|||||0|0|0|0|0|0|75|87.5|100|70|82.5|95|45|60|75|25|42.5|60||66.8|||4.1|||14.6|||18.5|||19.8|||9.8|||15.2||||||||15|18|30||||0.5|0.75|1||||1.15|1.2|1.25|||||1.26|||4|9|14|0.08|0.17|0.25|||||17.8|||9|||47||0|1.5|2.9|25|30|35|0|5|10|0|0|4|".24"|".24"|0|0|0|0|0|0|0|7|13|2|5|8|5|12.5|20|||||||7.4|7.9|8.4|||||||||||||||||||||||||||||||||"26376339"|"78687789"
"2C"|2|"C"||||56|||180|||||0|0|0|0|0|0|100|100|100|100|100|100|95|97.5|100|85|90|95||26.1|||1.6|||2.2|||5|||9.4|||7.9|||28.9||||||||35|45|55||||0|0.25|0.5||||1.25|1.3|1.35|||||1.61|||0.42|1|1.4|0.06|0.11|0.15|||||40|||23.9|||48||6|7.5|8.9|40|52.5|65|20|30|40|17|29|43|".24"|".24"|0|0|0|0|0|0|0|7|13|8|12|16|15|20|25|||||||7.4|7.9|8.4|||||||||||||||||||||||||||||||||"26376339"|"78687790"
"2C"|2|"C"||||56|||180|||||0|0|0|0|0|0|100|100|100|100|100|100|95|97.5|100|85|90|95||26.1|||1.6|||2.2|||5|||9.4|||7.9|||28.9||||||||35|45|55||||0|0.25|0.5||||1.25|1.3|1.35|||||1.61|||0.42|1|1.4|0.06|0.11|0.15|||||40|||23.9|||48||6|7.5|8.9|40|52.5|65|20|30|40|17|29|43|".24"|".24"|0|0|0|0|0|0|13|22|30|16|24|32|15|20|25|||||||7.4|7.9|8.4|||||||||||||||||||||||||||||||||"26376341"|"78687791"
"Ap"||"A"||||0|||20|||||0|0|0|0|0|0|95|97.5|100|90|95|100|80|90|100|35|42.5|50||67.4|||4.4|||14.4|||17.9|||20|||10.7|||19.6||||||||8|13|18||||0.5|0.75|1||||1.2|1.25|1.3|||||1.31|||4|9|14|0.1|0.18|0.25|||||17|||7.5|||49||0|1.5|2.9|20|25|30|0|2.5|5|0|0|0|".15"|".15"|0|0|0|0|0|0|13|22|30|16|24|32|5|7.5|10|||||||7.4|7.9|8.4|||||||||||||||||||||||||||||||||"26376341"|"78687792"
"C"||"C"||||20|||56|||||0|0|0|0|0|0|75|87.5|100|70|82.5|95|45|60|75|25|42.5|60||66.8|||4.1|||14.6|||18.5|||19.8|||9.8|||15.2||||||||15|18|30||||0.5|0.75|1||||1.15|1.2|1.25|||||1.26|||4|9|14|0.08|0.17|0.25|||||17.8|||9|||47||0|1.5|2.9|25|30|35|0|5|10|0|0|4|".24"|".24"|0|0|0|0|0|0|13|22|30|16|24|32|5|12.5|20|||||||7.4|7.9|8.4|||||||||||||||||||||||||||||||||"26376341"|"78687793"
"Ap"||"A"||||0|||25|||||0|0|0|0|0|0|100|100|100|100|100|100|50|65|80|15|20|25||79.4|||0|||1.9|||12.9|||39.4|||25.2|||16.6||||||||3|4|5||||0|0.25|0.5||||1.4|1.45|1.5|||||1.52|||14|28|42|0.09|0.1|0.11||17.2|||11.3|||3|||43||0|1.5|2.9|0|7|14|0|0|0|0|0|0|".37"|".37"|2|4|5|0|0|0|0|7|13|0|2|4|5|7.5|10|||||||7.9|8.2|8.4|||||||||||||||||||||||||||||||||"26376343"|"78687794"
"C"||"C"||||25|||53|||||0|0|0|0|0|0|100|100|100|100|100|100|95|97.5|100|80|85|90||20.8|||0.1|||0.4|||1.2|||5.8|||13.3|||67.7||||||||5|11.5|18||||0|0.25|0.5||||1.25|1.3|1.35|||||1.36|||4|9|14|0.11|0.13|0.14|||||21.9|||6.3|||48||0|1.5|2.9|20|27.5|35|5|7.5|10|1|5|9|".55"|".55"|0|0|0|0|0|0|0|7|13|0|2|4|10|15|20|||||||7.9|8.2|8.4|||||||||||||||||||||||||||||||||"26376343"|"78687795"
"2C"|2|"C"||||53|||152|||||0|0|0|0|0|0|100|100|100|100|100|100|50|65|80|10|15|20||91.3|||0|||1.4|||16.6|||57|||16.3|||1.2||||||||5|7.5|10||||0|0.25|0.5||||1.4|1.5|1.6|||||1.57|||42|92|141|0.05|0.06|0.07||15.9|||12.4|||5.5|||41||0|1.5|2.9|0|7|14|0|0|0|0|0|0|".02"|".02"|0|0|0|0|0|0|0|7|13|0|2|4|1|3|5|||||||7.9|8.2|8.4|||||||||||||||||||||||||||||||||"26376343"|"78687796"
"2C"|2|"C"||||53|||152|||||0|0|0|0|0|0|100|100|100|100|100|100|50|65|80|10|15|20||91.3|||0|||1.4|||16.6|||57|||16.3|||1.2||||||||5|7.5|10||||0|0.25|0.5||||1.4|1.5|1.6|||||1.57|||42|92|141|0.05|0.06|0.07||15.9|||12.4|||5.5|||41||0|1.5|2.9|0|7|14|0|0|0|0|0|0|".02"|".02"|0|0|0|0|0|0|0|7|13|0|2|4|1|3|5|||||||7.9|8.2|8.4|||||||||||||||||||||||||||||||||"26376345"|"78687797"
"Ap"||"A"||||0|||25|||||0|0|0|0|0|0|100|100|100|100|100|100|90|95|100|70|75|80||34.7|||0.2|||0.6|||1.9|||9.7|||22.3|||32.8||||||||30|32.5|35||||0.5|0.75|1||||1.15|1.2|1.25|||||1.37|||1.4|3|4|0.19|0.2|0.21|||||31.2|||17.2|||52||3|4.5|5.9|35|37.5|40|10|12.5|15|6|9|12|".37"|".37"|2|4|5|0|0|0|0|7|13|0|1|2|5|10|15|||||||7.9|8.2|8.4|||||||||||||||||||||||||||||||||"26376345"|"78687798"
"C"||"C"||||25|||53|||||0|0|0|0|0|0|100|100|100|100|100|100|95|97.5|100|80|85|90||20.8|||0.1|||0.4|||1.2|||5.8|||13.3|||67.7||||||||5|11.5|18||||0|0.25|0.5||||1.25|1.3|1.35|||||1.36|||4|9|14|0.11|0.13|0.14|||||21.9|||6.3|||48||0|1.5|2.9|20|27.5|35|5|7.5|10|1|5|9|".55"|".55"|0|0|0|0|0|0|0|7|13|0|2|4|10|15|20|||||||7.9|8.2|8.4|||||||||||||||||||||||||||||||||"26376345"|"78687799"
"C"||"C"||||25|||152|||||0|0|0|0|0|0|95|97.5|100|95|97.5|100|70|75|80|20|25|30||30.9|||2.6|||3.6|||5.1|||9.7|||9.9|||56.6||||||||5|12.5|20||||0|0.25|0.5||||1.3|1.4|1.5|||||1.46|||14|28|42|0.09|0.1|0.11|||||22.8|||7.2|||44||0|1.5|2.9|0|7|14|0|0|0|0|0|0|".55"|".55"|0|3|5|0|0|0|0|7|13|2|3|4|5|7.5|10|||||||7.9|8.2|8.4|||||||||||||||||||||||||||||||||"26376348"|"78687800"
"Ap"||"A"||||0|||25|||||0|0|0|0|0|0|95|97.5|100|80|85|90|45|55|65|15|22.5|30||80.5|||3.8|||12.9|||21|||27.4|||15.4|||17||||||||0|2.5|5||||0|0.25|0.5||||1.25|1.3|1.35||||1.31|1.36|1.43||42|92|141|0.08|0.1|0.11|0.4|13.7|17.2|0.3|8.3|11.7|0.1|1.6|3.4|41|44|47|0|1.5|2.9|0|7|14|0|0|0|0|0|0|".20"|".20"|0|3|5|0|0|0|0|7|13|2|3|4|1|3|5|||||||7.9|8.2|8.4|||||||||||||||||||||||||||||||||"26376348"|"78687801"
"C"||"C"||||25|||152|||||0|0|0|0|0|0|95|97.5|100|95|97.5|100|70|75|80|20|25|30||30.9|||2.6|||3.6|||5.1|||9.7|||9.9|||56.6||||||||5|12.5|20||||0|0.25|0.5||||1.3|1.4|1.5|||||1.46|||14|28|42|0.09|0.1|0.11||17.3|||14.3|||7.9|||44||0|1.5|2.9|0|7|14|0|0|0|0|0|0|".55"|".55"|0|3|5|0|0|0|0|7|13|2|3|4|5|7.5|10|||||||7.9|8.2|8.4|||||||||||||||||||||||||||||||||"26376285"|"78687802"
"Ap"||"A"||||0|||25|||||0|0|0|0|0|0|100|100|100|100|100|100|90|95|100|70|75|80||34.7|||3|||4.3|||6|||11|||10.4|||32.8||||||||30|32.5|35||||0.5|0.75|1||||1.15|1.2|1.25||||1.32|1.37|1.43||1.4|3|4|0.19|0.2|0.21||||28.4|31.2|32.1|15.6|17.2|18.7|50|52|53|3|4.5|5.9|35|37.5|40|10|12.5|15|6|9|12|".32"|".32"|2|4|5|0|0|0|10|15|20|0|1|2|5|10|15|||||||7.9|8.2|8.4|||||||||||||||||||||||||||||||||"26376285"|"78687803"
"C"||"C"||||25|||160|||||0|0|0|0|0|0|95|97.5|100|95|97.5|100|85|97.5|100|75|82.5|90||5.6|||0.1|||0.2|||0.4|||1.6|||3.3|||81.4||||||||8|13|18||||0|0.25|0.5||||1.35|1.4|1.45|||||1.46|||4|9|14|0.16|0.18|0.2|||||18.2|||8.6|||44||0|1.5|2.9|20|25|30|0|2.5|5|0|0|4|".64"|".64"|15|22|30|0|0|0|0|7|13|0|2|4|3.2|7.5|11.8|||||||7.9|8.2|9|||||||||||||||||||||||||||||||||"26376286"|"78687804"
"Ap"||"A"||||0|||25|||||0|0|0|0|0|0|100|100|100|100|100|100|50|65|80|15|20|25||79.4|||0|||1.9|||12.9|||39.4|||25.2|||16.6||||||||3|4|5||||0|0.25|0.5||||1.4|1.45|1.5|||||1.52|||14|28|42|0.09|0.1|0.11||17.2|||11.3|||3|||43||0|1.5|2.9|0|7|14|0|0|0|0|0|0|".32"|".32"|2|4|5|0|0|0|0|7|13|0|2|4|5|7.5|10|||||||7.9|8.2|8.4|||||||||||||||||||||||||||||||||"26376286"|"78687805"
"C"||"C"||||25|||160|||||0|0|0|0|0|0|95|97.5|100|95|97.5|100|85|97.5|100|75|82.5|90||5.6|||0.1|||0.2|||0.4|||1.6|||3.3|||81.4||||||||8|13|18||||0|0.25|0.5||||1.35|1.4|1.45||||1.41|1.46|1.53||4|9|14|0.16|0.18|0.2||||14.1|18.2|21.5|5|8.6|12.2|42|44|46|0|1.5|2.9|20|25|30|0|2.5|5|0|0|4|".64"|".64"|15|22|30|0|0|0|0|7|13|0|2|4|3.2|7.5|11.8|||||||7.9|8.2|9|||||||||||||||||||||||||||||||||"26376289"|"78687806"
"Ap"||"A"||||0|||25|||||0|0|0|0|0|0|100|100|100|100|100|100|95|97.5|100|70|75|80||7|||0|||0|||0.2|||1.9|||4.9|||69.5||||||||20|23.5|27||||0|0.25|0.5||||1.45|1.5|1.55||||1.52|1.57|1.63||4|9|14|0.16|0.17|0.18||||27.5|29.4|31|12|14.4|16.9|39|41|43|0|1.5|2.9|20|25|30|0|5|10|0|2|6|".49"|".49"|2|4|5|0|0|0|0|7|13|2|3|4|8|11.5|15|||||||7.9|8.2|8.4|||||||||||||||||||||||||||||||||"26376289"|"78687807"
"Ap"||"A"||||0|||25|||||0|0|0|0|0|0|100|100|100|100|100|100|90|95|100|70|75|80||34.7|||0.2|||0.6|||1.9|||9.7|||22.3|||32.8||||||||30|32.5|35||||0.5|0.75|1||||1.15|1.2|1.25|||||1.37|||1.4|3|4|0.19|0.2|0.21|||||31.2|||17.2|||52||3|4.5|5.9|35|37.5|40|10|12.5|15|6|9|12|".37"|".37"|2|4|5|0|0|0|0|7|13|0|1|2|5|10|15|||||||7.9|8.2|8.4|||||||||||||||||||||||||||||||||"26376291"|"78687808"
"C"||"C"||||25|||160|||||0|0|0|0|0|0|95|97.5|100|95|97.5|100|85|97.5|100|75|82.5|90||5.6|||0.1|||0.2|||0.4|||1.6|||3.3|||81.4||||||||8|13|18||||0|0.25|0.5||||1.35|1.4|1.45|||||1.46|||4|9|14|0.16|0.18|0.2|||||18.2|||8.6|||44||0|1.5|2.9|20|25|30|0|2.5|5|0|0|4|".64"|".64"|15|22|30|0|0|0|0|7|13|0|2|4|3.2|7.5|11.8|||||||7.9|8.2|9|||||||||||||||||||||||||||||||||"26376291"|"78687809"
"C"||"C"||||25|||160|||||0|0|0|0|0|0|95|97.5|100|95|97.5|100|85|97.5|100|75|82.5|90||5.6|||0.1|||0.2|||0.4|||1.6|||3.3|||81.4||||||||8|13|18||||0|0.25|0.5||||1.35|1.4|1.45|||||1.46|||4|9|14|0.16|0.18|0.2|||||18.2|||8.6|||44||0|1.5|2.9|20|25|30|0|2.5|5|0|0|4|".64"|".64"|15|22|30|0|0|0|13|22|30|16|24|32|3.2|7.5|11.8|||||||7.9|8.2|9|||||||||||||||||||||||||||||||||"26376292"|"78687810"
"Ap"||"A"||||0|||25|||||0|0|0|0|0|0|100|100|100|100|100|100|95|97.5|100|70|75|80||7|||0|||0|||0.2|||1.9|||4.9|||69.5||||||||20|23.5|27||||0|0.25|0.5||||1.45|1.5|1.55|||||1.57|||4|9|14|0.16|0.17|0.18|||||29.4|||14.4|||41||0|1.5|2.9|20|25|30|0|5|10|0|2|6|".49"|".49"|2|4|5|0|0|0|13|22|30|16|24|32|8|11.5|15|||||||7.9|8.2|8.4|||||||||||||||||||||||||||||||||"26376292"|"78687811"
"C"||"C"||||25|||76|||||0|0|0|0|0|0|100|100|100|100|100|100|95|97.5|100|85|90|95||18.2|||1.6|||2.3|||3.1|||5.6|||5.6|||29.3||||||||50|52.5|55||||0|0.25|0.5||||1.35|1.4|1.45|||||1.74|||0.42|1|1.4|0.14|0.15|0.16|||||39.4|||28.6|||45||6|7.5|8.9|55|65|75|35|42.5|50|31|42|54|".24"|".24"|5|8|10|0|0|0|0|7|13|0|2|4|30|35|40|||||||7.9|8.2|8.4|||||||||||||||||||||||||||||||||"26376295"|"78687812"
"2C"|2|"C"||||76|||84|||||0|0|0|0|0|0|100|100|100|100|100|100|85|92.5|100|50|57.5|65||59.3|||0|||0|||0.4|||9.2|||49.7|||23.2||||||||15|17.5|20||||0|0.25|0.5||||1.15|1.23|1.3|||||1.29|||4|9|14|0.15|0.16|0.17|||||19.8|||10.2|||51||0|1.5|2.9|25|27.5|30|0|5|10|0|0|4|".55"|".55"|5|8|10|0|0|0|0|7|13|0|2|4|5|10|15|||||||7.9|8.2|8.4|||||||||||||||||||||||||||||||||"26376295"|"78687813"
"3C"|3|"C"||||84|||152|||||0|0|0|0|0|0|100|100|100|100|100|100|60|70|80|5|15|25||90.7|||0.5|||10.9|||33.4|||37.8|||8.1|||1.8||||||||5|7.5|10||||0|0.25|0.5||||1.5|1.55|1.6|||||1.62|||42|92|141|0.04|0.06|0.07||15.9|||12.3|||5.5|||39||0|1.5|2.9|0|7|14|0|0|0|0|0|0|".02"|".02"|0|3|5|0|0|0|0|7|13|0|2|4|0|2.5|5|||||||7.9|8.2|8.4|||||||||||||||||||||||||||||||||"26376295"|"78687814"
"Ap"||"A"||||0|||25|||||0|0|0|0|0|0|100|100|100|95|97.5|100|70|85|100|40|55|75||45|||4.5|||6.1|||8|||13.8|||12.6|||43||||||||10|12|15||||0|0.25|0.5||||1.25|1.32|1.4|||||1.38|||4|9|14|0.16|0.17|0.18|||||22|||6.6|||47||0|1.5|2.9|20|27.5|30|0|5|7|0|0|4|".49"|".49"|10|12|15|0|0|0|0|7|13|0|1|2|4|7|10|||||||7.9|8.2|8.4|||||||||||||||||||||||||||||||||"26376295"|"78687815"
"C"||"C"||||25|||76|||||0|0|0|0|0|0|100|100|100|100|100|100|95|97.5|100|85|90|95||18.2|||1.6|||2.3|||3.1|||5.6|||5.6|||29.3||||||||50|52.5|55||||0|0.25|0.5||||1.35|1.4|1.45|||||1.74|||0.42|1|1.4|0.14|0.15|0.16|||||39.4|||28.6|||45||6|7.5|8.9|55|65|75|35|42.5|50|31|42|54|".24"|".24"|5|8|10|0|0|0|0|7|13|0|2|4|30|35|40|||||||7.9|8.2|8.4|||||||||||||||||||||||||||||||||"26376297"|"78687816"
"2C"|2|"C"||||76|||84|||||0|0|0|0|0|0|100|100|100|100|100|100|85|92.5|100|50|57.5|65||59.3|||0|||0|||0.4|||9.2|||49.7|||23.2||||||||15|17.5|20||||0|0.25|0.5||||1.15|1.23|1.3|||||1.29|||4|9|14|0.15|0.16|0.17|||||19.8|||10.2|||51||0|1.5|2.9|25|27.5|30|0|5|10|0|0|4|".55"|".55"|5|8|10|0|0|0|0|7|13|0|2|4|5|10|15|||||||7.9|8.2|8.4|||||||||||||||||||||||||||||||||"26376297"|"78687817"
"3C"|3|"C"||||84|||152|||||0|0|0|0|0|0|100|100|100|100|100|100|60|70|80|5|15|25||90.7|||0.5|||10.9|||33.4|||37.8|||8.1|||1.8||||||||5|7.5|10||||0|0.25|0.5||||1.5|1.55|1.6|||||1.62|||42|92|141|0.04|0.06|0.07||15.9|||12.3|||5.5|||39||0|1.5|2.9|0|7|14|0|0|0|0|0|0|".02"|".02"|0|3|5|0|0|0|0|7|13|0|2|4|0|2.5|5|||||||7.9|8.2|8.4|||||||||||||||||||||||||||||||||"26376297"|"78687818"
"Ap"||"A"||||0|||25|||||0|0|0|0|0|0|100|100|100|100|100|100|50|65|80|15|20|25||79.4|||0|||1.9|||12.9|||39.4|||25.2|||16.6||||||||3|4|5||||0|0.25|0.5||||1.4|1.45|1.5|||||1.52|||14|28|42|0.09|0.1|0.11||17.2|||11.3|||3|||43||0|1.5|2.9|0|7|14|0|0|0|0|0|0|".37"|".37"|2|4|5|0|0|0|0|7|13|0|2|4|5|7.5|10|||||||7.9|8.2|8.4|||||||||||||||||||||||||||||||||"26376297"|"78687819"
"C"||"C"||||18|||81|||||0|0|0|0|0|0|100|100|100|100|100|100|95|97.5|100|85|90|95||22.1|||3|||3.5|||4.1|||6.2|||5.3|||27.9||||||||40|50|60||||0|0.25|0.5||||1.35|1.4|1.45|||||1.74|||0.42|1|1.4|0.17|0.21|0.25|||||38.9|||27.3|||45||6|7.5|8.9|40|52.5|65|20|27.5|35|17|27|39|".24"|".24"|10|13|15|0|0|0|0|7|13|2|5|8|30|35|40|||||||7.4|8.2|9|||||||||||||||||||||||||||||||||"26376298"|"78687820"
"2C"|2|"C"||||81|||152|||||0|0|0|0|0|0|100|100|100|100|100|100|85|90|95|60|65|70||39.2|||3.5|||5|||6.8|||12.3|||11.6|||37.3||||||||20|23.5|27||||0|0.25|0.5||||1.4|1.45|1.5|||||1.52|||4|9|14|0.15|0.2|0.25|||||29|||14|||43||0|1.5|2.9|25|30|35|0|5|10|0|2|6|".37"|".37"|10|13|15|0|0|0|0|7|13|2|5|8|10|12.5|15|||||||7.4|8.2|9|||||||||||||||||||||||||||||||||"26376298"|"78687821"
"Ap"||"A"||||0|||18|||||0|0|0|0|0|0|100|100|100|95|97.5|100|70|77.5|85|40|47.5|55||65.9|||4.3|||14.1|||17.5|||19.6|||10.4|||19.1||||||||10|15|20||||0|0.25|0.5||||1.4|1.45|1.5|||||1.52|||4|9|14|0.1|0.12|0.14|||||18.9|||9.3|||42||0|1.5|2.9|25|27.5|30|0|2.5|5|0|0|1|".32"|".32"|0|0|0|0|0|0|0|7|13|2|5|8|5|7.5|10|||||||7.4|8.2|9|||||||||||||||||||||||||||||||||"26376298"|"78687822"
